 *                                      
 * hydrostatic:  btemp=  1.500E+07 bden=  1.500E+02
 *          time                pos           vel           temp          den           pres          ener          entr          cs
      1  0.000000000000E+00  0.000000E+00  0.000000E+00  1.500000E+07  1.500000E+02  3.228545E+17  3.225251E+15  1.270853E+09  5.985156E+07
      2  1.000000000000E-16  0.000000E+00  0.000000E+00  1.500000E+07  1.500000E+02  3.228545E+17  3.225251E+15  1.270853E+09  5.985156E+07
      3  1.100000000000E-15  0.000000E+00  0.000000E+00  1.500000E+07  1.500000E+02  3.228545E+17  3.225251E+15  1.270853E+09  5.985156E+07
      4  1.110000000000E-14  0.000000E+00  0.000000E+00  1.500000E+07  1.500000E+02  3.228545E+17  3.225251E+15  1.270853E+09  5.985156E+07
      5  1.111000000000E-13  0.000000E+00  0.000000E+00  1.500000E+07  1.500000E+02  3.228545E+17  3.225251E+15  1.270853E+09  5.985156E+07
      6  1.111100000000E-12  0.000000E+00  0.000000E+00  1.500000E+07  1.500000E+02  3.228545E+17  3.225251E+15  1.270853E+09  5.985156E+07
      7  1.111110000000E-11  0.000000E+00  0.000000E+00  1.500000E+07  1.500000E+02  3.228545E+17  3.225251E+15  1.270853E+09  5.985156E+07
      8  1.111111000000E-10  0.000000E+00  0.000000E+00  1.500000E+07  1.500000E+02  3.228545E+17  3.225251E+15  1.270853E+09  5.985156E+07
      9  1.111111100000E-09  0.000000E+00  0.000000E+00  1.500000E+07  1.500000E+02  3.228545E+17  3.225251E+15  1.270853E+09  5.985156E+07
     10  1.111111110000E-08  0.000000E+00  0.000000E+00  1.500000E+07  1.500000E+02  3.228545E+17  3.225251E+15  1.270853E+09  5.985156E+07
     11  1.111111111000E-07  0.000000E+00  0.000000E+00  1.500000E+07  1.500000E+02  3.228545E+17  3.225251E+15  1.270853E+09  5.985156E+07
     12  1.111111111100E-06  0.000000E+00  0.000000E+00  1.500000E+07  1.500000E+02  3.228545E+17  3.225251E+15  1.270853E+09  5.985156E+07
     13  1.111111111110E-05  0.000000E+00  0.000000E+00  1.500000E+07  1.500000E+02  3.228545E+17  3.225251E+15  1.270853E+09  5.985156E+07
     14  1.111111111111E-04  0.000000E+00  0.000000E+00  1.500000E+07  1.500000E+02  3.228545E+17  3.225251E+15  1.270853E+09  5.985156E+07
     15  1.111111111111E-03  0.000000E+00  0.000000E+00  1.500000E+07  1.500000E+02  3.228545E+17  3.225251E+15  1.270853E+09  5.985156E+07
     16  1.111111111111E-02  0.000000E+00  0.000000E+00  1.500000E+07  1.500000E+02  3.228545E+17  3.225251E+15  1.270853E+09  5.985156E+07
     17  1.111111111111E-01  0.000000E+00  0.000000E+00  1.500000E+07  1.500000E+02  3.228545E+17  3.225251E+15  1.270853E+09  5.985156E+07
     18  1.111111111111E+00  0.000000E+00  0.000000E+00  1.500000E+07  1.500000E+02  3.228545E+17  3.225251E+15  1.270853E+09  5.985156E+07
     19  5.308847511159E+00  0.000000E+00  0.000000E+00  1.500000E+07  1.500000E+02  3.228545E+17  3.225251E+15  1.270853E+09  5.985156E+07
     20  2.292342664528E+01  0.000000E+00  0.000000E+00  1.500000E+07  1.500000E+02  3.228545E+17  3.225251E+15  1.270853E+09  5.985156E+07
     21  8.141140326693E+01  0.000000E+00  0.000000E+00  1.500000E+07  1.500000E+02  3.228545E+17  3.225251E+15  1.270853E+09  5.985156E+07
     22  6.662911694833E+02  0.000000E+00  0.000000E+00  1.500000E+07  1.500000E+02  3.228545E+17  3.225251E+15  1.270853E+09  5.985156E+07
     23  6.515088831647E+03  0.000000E+00  0.000000E+00  1.500000E+07  1.500000E+02  3.228545E+17  3.225251E+15  1.270853E+09  5.985156E+07
     24  6.500306545329E+04  0.000000E+00  0.000000E+00  1.500000E+07  1.500000E+02  3.228545E+17  3.225251E+15  1.270853E+09  5.985156E+07
     25  6.498828316697E+05  0.000000E+00  0.000000E+00  1.500000E+07  1.500000E+02  3.228545E+17  3.225251E+15  1.270853E+09  5.985156E+07
     26  6.498680493834E+06  0.000000E+00  0.000000E+00  1.500000E+07  1.500000E+02  3.228545E+17  3.225252E+15  1.270853E+09  5.985156E+07
     27  3.569970723380E+07  0.000000E+00  0.000000E+00  1.500000E+07  1.500000E+02  3.228545E+17  3.225252E+15  1.270853E+09  5.985156E+07
     28  1.400256736542E+08  0.000000E+00  0.000000E+00  1.500000E+07  1.500000E+02  3.228545E+17  3.225254E+15  1.270853E+09  5.985156E+07
     29  2.984282429922E+08  0.000000E+00  0.000000E+00  1.500000E+07  1.500000E+02  3.228545E+17  3.225258E+15  1.270853E+09  5.985156E+07
     30  1.882453936372E+09  0.000000E+00  0.000000E+00  1.500000E+07  1.500000E+02  3.228545E+17  3.225292E+15  1.270853E+09  5.985156E+07
     31  1.772271087017E+10  0.000000E+00  0.000000E+00  1.500000E+07  1.500000E+02  3.228544E+17  3.225637E+15  1.270853E+09  5.985155E+07
     32  1.761252802082E+11  0.000000E+00  0.000000E+00  1.500000E+07  1.500000E+02  3.228541E+17  3.229119E+15  1.270851E+09  5.985152E+07
     33  1.627494131106E+12  0.000000E+00  0.000000E+00  1.500000E+07  1.500000E+02  3.228510E+17  3.267176E+15  1.270839E+09  5.985124E+07
     34  5.343588483215E+12  0.000000E+00  0.000000E+00  1.500000E+07  1.500000E+02  3.228437E+17  3.419677E+15  1.270812E+09  5.985056E+07
     35  1.590450085523E+13  0.000000E+00  0.000000E+00  1.500000E+07  1.500000E+02  3.228237E+17  3.917244E+15  1.270740E+09  5.984871E+07
     36  1.933866974555E+13  0.000000E+00  0.000000E+00  1.500000E+07  1.500000E+02  3.228172E+17  4.079528E+15  1.270716E+09  5.984810E+07
     37  3.873644108420E+13  0.000000E+00  0.000000E+00  1.500000E+07  1.500000E+02  3.227805E+17  4.995989E+15  1.270583E+09  5.984470E+07
     38  1.900540272209E+14  0.000000E+00  0.000000E+00  1.500000E+07  1.500000E+02  3.224946E+17  1.213383E+16  1.269547E+09  5.981818E+07
     39  1.156764131751E+15  0.000000E+00  0.000000E+00  1.500000E+07  1.500000E+02  3.206866E+17  5.726824E+16  1.262987E+09  5.965019E+07
     40  6.062613340166E+15  0.000000E+00  0.000000E+00  1.500000E+07  1.500000E+02  3.119849E+17  2.745229E+17  1.231270E+09  5.883497E+07
     41  1.331771964304E+16  0.000000E+00  0.000000E+00  1.500000E+07  1.500000E+02  3.004115E+17  5.635305E+17  1.188704E+09  5.773289E+07
     42  1.925474914846E+16  0.000000E+00  0.000000E+00  1.500000E+07  1.500000E+02  2.919297E+17  7.753750E+17  1.157221E+09  5.691166E+07
     43  2.822396410965E+16  0.000000E+00  0.000000E+00  1.500000E+07  1.500000E+02  2.805324E+17  1.060056E+18  1.114519E+09  5.578913E+07
     44  3.547803275799E+16  0.000000E+00  0.000000E+00  1.500000E+07  1.500000E+02  2.723710E+17  1.263908E+18  1.083650E+09  5.497123E+07
     45  4.640924875845E+16  0.000000E+00  0.000000E+00  1.500000E+07  1.500000E+02  2.615468E+17  1.534251E+18  1.042321E+09  5.386736E+07
     46  5.523541120702E+16  0.000000E+00  0.000000E+00  1.500000E+07  1.500000E+02  2.538889E+17  1.725498E+18  1.012800E+09  5.307253E+07
     47  6.869788860087E+16  0.000000E+00  0.000000E+00  1.500000E+07  1.500000E+02  2.437231E+17  1.979341E+18  9.732362E+08  5.199865E+07
     48  7.951469676049E+16  0.000000E+00  0.000000E+00  1.500000E+07  1.500000E+02  2.366484E+17  2.155965E+18  9.454388E+08  5.123802E+07
     49  9.628935608600E+16  0.000000E+00  0.000000E+00  1.500000E+07  1.500000E+02  2.272182E+17  2.391325E+18  9.080357E+08  5.020624E+07
     50  1.096934748815E+17  0.000000E+00  0.000000E+00  1.500000E+07  1.500000E+02  2.207765E+17  2.552030E+18  8.822479E+08  4.948910E+07
     51  1.309681501440E+17  0.000000E+00  0.000000E+00  1.500000E+07  1.500000E+02  2.121185E+17  2.767937E+18  8.472668E+08  4.850853E+07
     52  1.478685153514E+17  0.000000E+00  0.000000E+00  1.500000E+07  1.500000E+02  2.063328E+17  2.912138E+18  8.236792E+08  4.784210E+07
     53  1.756454415900E+17  0.000000E+00  0.000000E+00  1.500000E+07  1.500000E+02  1.984324E+17  3.108921E+18  7.911847E+08  4.691682E+07
     54  1.975820065619E+17  0.000000E+00  0.000000E+00  1.500000E+07  1.500000E+02  1.932951E+17  3.236797E+18  7.698708E+08  4.630524E+07
     55  2.361130391470E+17  0.000000E+00  0.000000E+00  1.500000E+07  1.500000E+02  1.860110E+17  3.417979E+18  7.393910E+08  4.542403E+07
     56  2.662981832309E+17  0.000000E+00  0.000000E+00  1.500000E+07  1.500000E+02  1.814684E+17  3.530890E+18  7.202221E+08  4.486574E+07
     57  3.623131367080E+17  0.000000E+00  0.000000E+00  1.500000E+07  1.500000E+02  1.713516E+17  3.782114E+18  6.770637E+08  4.359674E+07
     58  4.063025725961E+17  0.000000E+00  0.000000E+00  1.500000E+07  1.500000E+02  1.681525E+17  3.861482E+18  6.632760E+08  4.318773E+07
     59  4.477486358224E+17  0.000000E+00  0.000000E+00  1.500000E+07  1.500000E+02  1.656758E+17  3.922900E+18  6.525540E+08  4.286841E+07
     60  5.526106262845E+17  0.000000E+00  0.000000E+00  1.500000E+07  1.500000E+02  1.610119E+17  4.038500E+18  6.322463E+08  4.226055E+07
     61  6.465441076930E+17  0.000000E+00  0.000000E+00  1.500000E+07  1.500000E+02  1.581059E+17  4.110485E+18  6.195143E+08  4.187737E+07
     62  8.425008140262E+17  0.000000E+00  0.000000E+00  1.500000E+07  1.500000E+02  1.541565E+17  4.208266E+18  6.021113E+08  4.135096E+07
     63  1.057870048595E+18  0.000000E+00  0.000000E+00  1.500000E+07  1.500000E+02  1.515474E+17  4.272838E+18  5.905488E+08  4.099949E+07
     64  1.712179694814E+18  0.000000E+00  0.000000E+00  1.500000E+07  1.500000E+02  1.477571E+17  4.366607E+18  5.736570E+08  4.048351E+07
     65  3.192213223159E+18  0.000000E+00  0.000000E+00  1.500000E+07  1.500000E+02  1.450313E+17  4.434015E+18  5.614387E+08  4.010838E+07
     66  4.321152005714E+18  0.000000E+00  0.000000E+00  1.500000E+07  1.500000E+02  1.442304E+17  4.453819E+18  5.578368E+08  3.999748E+07
     67  8.099166921835E+18  0.000000E+00  0.000000E+00  1.500000E+07  1.500000E+02  1.431913E+17  4.479507E+18  5.531564E+08  3.985316E+07
     68  1.117681596558E+19  0.000000E+00  0.000000E+00  1.500000E+07  1.500000E+02  1.428683E+17  4.487492E+18  5.516995E+08  3.980818E+07
     69  2.116229358131E+19  0.000000E+00  0.000000E+00  1.500000E+07  1.500000E+02  1.424700E+17  4.497335E+18  5.499022E+08  3.975267E+07
     70  2.924302832239E+19  0.000000E+00  0.000000E+00  1.500000E+07  1.500000E+02  1.423475E+17  4.500363E+18  5.493489E+08  3.973557E+07
     71  3.924302832239E+19  0.000000E+00  0.000000E+00  1.500000E+07  1.500000E+02  1.422659E+17  4.502379E+18  5.489804E+08  3.972418E+07
