   1   0.0000000E+00   1.0000000E+00   1.0000000E+00   0.0000000E+00
   2   5.0251256E-03   1.0000000E+00   1.0000000E+00   0.0000000E+00
   3   1.0050251E-02   1.0000000E+00   1.0000000E+00   0.0000000E+00
   4   1.5075376E-02   1.0000000E+00   1.0000000E+00   0.0000000E+00
   5   2.0100502E-02   1.0000000E+00   1.0000000E+00   0.0000000E+00
   6   2.5125628E-02   1.0000000E+00   1.0000000E+00   0.0000000E+00
   7   3.0150753E-02   1.0000000E+00   1.0000000E+00   0.0000000E+00
   8   3.5175879E-02   1.0000000E+00   1.0000000E+00   0.0000000E+00
   9   4.0201005E-02   1.0000000E+00   1.0000000E+00   0.0000000E+00
  10   4.5226131E-02   1.0000000E+00   1.0000000E+00   0.0000000E+00
  11   5.0251257E-02   1.0000000E+00   1.0000000E+00   0.0000000E+00
  12   5.5276383E-02   1.0000000E+00   1.0000000E+00   0.0000000E+00
  13   6.0301505E-02   1.0000000E+00   1.0000000E+00   0.0000000E+00
  14   6.5326631E-02   1.0000000E+00   1.0000000E+00   0.0000000E+00
  15   7.0351757E-02   1.0000000E+00   1.0000000E+00   0.0000000E+00
  16   7.5376883E-02   1.0000000E+00   1.0000000E+00   0.0000000E+00
  17   8.0402009E-02   1.0000000E+00   1.0000000E+00   0.0000000E+00
  18   8.5427135E-02   1.0000000E+00   1.0000000E+00   0.0000000E+00
  19   9.0452261E-02   1.0000000E+00   1.0000000E+00   0.0000000E+00
  20   9.5477387E-02   1.0000000E+00   1.0000000E+00   0.0000000E+00
  21   1.0050251E-01   1.0000000E+00   1.0000000E+00   0.0000000E+00
  22   1.0552764E-01   1.0000000E+00   1.0000000E+00   0.0000000E+00
  23   1.1055277E-01   1.0000000E+00   1.0000000E+00   0.0000000E+00
  24   1.1557789E-01   1.0000000E+00   1.0000000E+00   0.0000000E+00
  25   1.2060301E-01   1.0000000E+00   1.0000000E+00   0.0000000E+00
  26   1.2562814E-01   1.0000000E+00   1.0000000E+00   0.0000000E+00
  27   1.3065326E-01   1.0000000E+00   1.0000000E+00   0.0000000E+00
  28   1.3567840E-01   1.0000000E+00   1.0000000E+00   0.0000000E+00
  29   1.4070351E-01   1.0000000E+00   1.0000000E+00   0.0000000E+00
  30   1.4572865E-01   1.0000000E+00   1.0000000E+00   0.0000000E+00
  31   1.5075377E-01   1.0000000E+00   1.0000000E+00   0.0000000E+00
  32   1.5577890E-01   1.0000000E+00   1.0000000E+00   0.0000000E+00
  33   1.6080402E-01   1.0000000E+00   1.0000000E+00   0.0000000E+00
  34   1.6582914E-01   1.0000000E+00   1.0000000E+00   0.0000000E+00
  35   1.7085427E-01   1.0000000E+00   1.0000000E+00   0.0000000E+00
  36   1.7587939E-01   1.0000000E+00   1.0000000E+00   0.0000000E+00
  37   1.8090452E-01   1.0000000E+00   1.0000000E+00   0.0000000E+00
  38   1.8592964E-01   1.0000000E+00   1.0000000E+00   0.0000000E+00
  39   1.9095477E-01   1.0000000E+00   1.0000000E+00   0.0000000E+00
  40   1.9597989E-01   1.0000000E+00   1.0000000E+00   0.0000000E+00
  41   2.0100503E-01   1.0000000E+00   1.0000000E+00   0.0000000E+00
  42   2.0603015E-01   1.0000000E+00   1.0000000E+00   0.0000000E+00
  43   2.1105528E-01   1.0000000E+00   1.0000000E+00   0.0000000E+00
  44   2.1608040E-01   1.0000000E+00   1.0000000E+00   0.0000000E+00
  45   2.2110553E-01   1.0000000E+00   1.0000000E+00   0.0000000E+00
  46   2.2613065E-01   1.0000000E+00   1.0000000E+00   0.0000000E+00
  47   2.3115578E-01   1.0000000E+00   1.0000000E+00   0.0000000E+00
  48   2.3618090E-01   1.0000000E+00   1.0000000E+00   0.0000000E+00
  49   2.4120602E-01   1.0000000E+00   1.0000000E+00   0.0000000E+00
  50   2.4623115E-01   9.8718697E-01   9.7873628E-01   1.6612645E-02
  51   2.5125629E-01   9.7278595E-01   9.5505589E-01   3.5456896E-02
  52   2.5628141E-01   9.5852548E-01   9.3183589E-01   5.4301094E-02
  53   2.6130652E-01   9.4440520E-01   9.0906996E-01   7.3145285E-02
  54   2.6633164E-01   9.3042433E-01   8.8675117E-01   9.1989480E-02
  55   2.7135679E-01   9.1658193E-01   8.6487269E-01   1.1083379E-01
  56   2.7638191E-01   9.0287757E-01   8.4342813E-01   1.2967798E-01
  57   2.8140703E-01   8.8931060E-01   8.2241136E-01   1.4852218E-01
  58   2.8643215E-01   8.7588024E-01   8.0181569E-01   1.6736637E-01
  59   2.9145730E-01   8.6258560E-01   7.8163445E-01   1.8621069E-01
  60   2.9648241E-01   8.4942621E-01   7.6186162E-01   2.0505488E-01
  61   3.0150753E-01   8.3640146E-01   7.4249125E-01   2.2389908E-01
  62   3.0653265E-01   8.2351059E-01   7.2351688E-01   2.4274327E-01
  63   3.1155780E-01   8.1075269E-01   7.0493215E-01   2.6158759E-01
  64   3.1658292E-01   7.9812723E-01   6.8673134E-01   2.8043178E-01
  65   3.2160804E-01   7.8563368E-01   6.6890866E-01   2.9927596E-01
  66   3.2663316E-01   7.7327120E-01   6.5145797E-01   3.1812015E-01
  67   3.3165827E-01   7.6103890E-01   6.3437313E-01   3.3696437E-01
  68   3.3668342E-01   7.4893636E-01   6.1764866E-01   3.5580868E-01
  69   3.4170854E-01   7.3696291E-01   6.0127902E-01   3.7465286E-01
  70   3.4673366E-01   7.2511762E-01   5.8525813E-01   3.9349705E-01
  71   3.5175878E-01   7.1340007E-01   5.6958073E-01   4.1234127E-01
  72   3.5678393E-01   7.0180935E-01   5.5424094E-01   4.3118557E-01
  73   3.6180905E-01   6.9034493E-01   5.3923362E-01   4.5002976E-01
  74   3.6683416E-01   6.7900598E-01   5.2455294E-01   4.6887395E-01
  75   3.7185928E-01   6.6779196E-01   5.1019400E-01   4.8771814E-01
  76   3.7688443E-01   6.5670198E-01   4.9615103E-01   5.0656247E-01
  77   3.8190955E-01   6.4573562E-01   4.8241919E-01   5.2540666E-01
  78   3.8693467E-01   6.3489187E-01   4.6899292E-01   5.4425085E-01
  79   3.9195979E-01   6.2417030E-01   4.5586741E-01   5.6309503E-01
  80   3.9698493E-01   6.1357003E-01   4.4303730E-01   5.8193934E-01
  81   4.0201005E-01   6.0309058E-01   4.3049783E-01   6.0078353E-01
  82   4.0703517E-01   5.9273106E-01   4.1824377E-01   6.1962771E-01
  83   4.1206029E-01   5.8249092E-01   4.0627050E-01   6.3847196E-01
  84   4.1708541E-01   5.7236946E-01   3.9457306E-01   6.5731615E-01
  85   4.2211056E-01   5.6236577E-01   3.8314644E-01   6.7616045E-01
  86   4.2713568E-01   5.5247933E-01   3.7198612E-01   6.9500464E-01
  87   4.3216079E-01   5.4270953E-01   3.6108750E-01   7.1384883E-01
  88   4.3718591E-01   5.3305566E-01   3.5044587E-01   7.3269302E-01
  89   4.4221106E-01   5.2351677E-01   3.4005648E-01   7.5153732E-01
  90   4.4723618E-01   5.1409245E-01   3.2991499E-01   7.7038151E-01
  91   4.5226130E-01   5.0478196E-01   3.2001701E-01   7.8922570E-01
  92   4.5728642E-01   4.9558446E-01   3.1035793E-01   8.0806994E-01
  93   4.6231157E-01   4.8649949E-01   3.0093360E-01   8.2691425E-01
  94   4.6733668E-01   4.8490930E-01   2.9929596E-01   8.3023685E-01
  95   4.7236180E-01   4.8490930E-01   2.9929596E-01   8.3023685E-01
  96   4.7738692E-01   4.8490930E-01   2.9929596E-01   8.3023685E-01
  97   4.8241204E-01   4.8490930E-01   2.9929596E-01   8.3023685E-01
  98   4.8743719E-01   4.8490930E-01   2.9929596E-01   8.3023685E-01
  99   4.9246231E-01   4.8490930E-01   2.9929596E-01   8.3023685E-01
 100   4.9748743E-01   4.8490930E-01   2.9929596E-01   8.3023685E-01
 101   5.0251257E-01   4.8490930E-01   2.9929596E-01   8.3023685E-01
 102   5.0753766E-01   4.8490930E-01   2.9929596E-01   8.3023685E-01
 103   5.1256281E-01   4.8490930E-01   2.9929596E-01   8.3023685E-01
 104   5.1758796E-01   4.8490930E-01   2.9929596E-01   8.3023685E-01
 105   5.2261305E-01   4.8490930E-01   2.9929596E-01   8.3023685E-01
 106   5.2763820E-01   4.8490930E-01   2.9929596E-01   8.3023685E-01
 107   5.3266329E-01   4.8490930E-01   2.9929596E-01   8.3023685E-01
 108   5.3768843E-01   4.8490930E-01   2.9929596E-01   8.3023685E-01
 109   5.4271358E-01   4.8490930E-01   2.9929596E-01   8.3023685E-01
 110   5.4773867E-01   4.8490930E-01   2.9929596E-01   8.3023685E-01
 111   5.5276382E-01   4.8490930E-01   2.9929596E-01   8.3023685E-01
 112   5.5778897E-01   4.8490930E-01   2.9929596E-01   8.3023685E-01
 113   5.6281406E-01   4.8490930E-01   2.9929596E-01   8.3023685E-01
 114   5.6783921E-01   4.8490930E-01   2.9929596E-01   8.3023685E-01
 115   5.7286429E-01   4.8490930E-01   2.9929596E-01   8.3023685E-01
 116   5.7788944E-01   4.8490930E-01   2.9929596E-01   8.3023685E-01
 117   5.8291459E-01   4.8490930E-01   2.9929596E-01   8.3023685E-01
 118   5.8793968E-01   4.8490930E-01   2.9929596E-01   8.3023685E-01
 119   5.9296483E-01   4.8490930E-01   2.9929596E-01   8.3023685E-01
 120   5.9798992E-01   4.8490930E-01   2.9929596E-01   8.3023685E-01
 121   6.0301507E-01   4.8490930E-01   2.9929596E-01   8.3023685E-01
 122   6.0804021E-01   4.8490930E-01   2.9929596E-01   8.3023685E-01
 123   6.1306530E-01   4.8490930E-01   2.9929596E-01   8.3023685E-01
 124   6.1809045E-01   4.8490930E-01   2.9929596E-01   8.3023685E-01
 125   6.2311560E-01   4.8490930E-01   2.9929596E-01   8.3023685E-01
 126   6.2814069E-01   4.8490930E-01   2.9929596E-01   8.3023685E-01
 127   6.3316584E-01   4.8490930E-01   2.9929596E-01   8.3023685E-01
 128   6.3819093E-01   4.8490930E-01   2.9929596E-01   8.3023685E-01
 129   6.4321607E-01   4.8490930E-01   2.9929596E-01   8.3023685E-01
 130   6.4824122E-01   4.8490930E-01   2.9929596E-01   8.3023685E-01
 131   6.5326631E-01   4.8490930E-01   2.9929596E-01   8.3023685E-01
 132   6.5829146E-01   4.8490930E-01   2.9929596E-01   8.3023685E-01
 133   6.6331655E-01   4.8490930E-01   2.9929596E-01   8.3023685E-01
 134   6.6834170E-01   1.6541855E-01   2.9929596E-01   8.3023685E-01
 135   6.7336684E-01   1.6541855E-01   2.9929596E-01   8.3023685E-01
 136   6.7839193E-01   1.6541855E-01   2.9929596E-01   8.3023685E-01
 137   6.8341708E-01   1.6541855E-01   2.9929596E-01   8.3023685E-01
 138   6.8844223E-01   1.6541855E-01   2.9929596E-01   8.3023685E-01
 139   6.9346732E-01   1.6541855E-01   2.9929596E-01   8.3023685E-01
 140   6.9849247E-01   1.6541855E-01   2.9929596E-01   8.3023685E-01
 141   7.0351756E-01   1.6541855E-01   2.9929596E-01   8.3023685E-01
 142   7.0854270E-01   1.6541855E-01   2.9929596E-01   8.3023685E-01
 143   7.1356785E-01   1.6541855E-01   2.9929596E-01   8.3023685E-01
 144   7.1859294E-01   1.6541855E-01   2.9929596E-01   8.3023685E-01
 145   7.2361809E-01   1.6541855E-01   2.9929596E-01   8.3023685E-01
 146   7.2864318E-01   1.6541855E-01   2.9929596E-01   8.3023685E-01
 147   7.3366833E-01   1.6541855E-01   2.9929596E-01   8.3023685E-01
 148   7.3869348E-01   1.6541855E-01   2.9929596E-01   8.3023685E-01
 149   7.4371856E-01   1.6541855E-01   2.9929596E-01   8.3023685E-01
 150   7.4874371E-01   1.6541855E-01   2.9929596E-01   8.3023685E-01
 151   7.5376886E-01   1.6541855E-01   2.9929596E-01   8.3023685E-01
 152   7.5879395E-01   1.6541855E-01   2.9929596E-01   8.3023685E-01
 153   7.6381910E-01   1.6541855E-01   2.9929596E-01   8.3023685E-01
 154   7.6884419E-01   1.6541855E-01   2.9929596E-01   8.3023685E-01
 155   7.7386934E-01   1.6541855E-01   2.9929596E-01   8.3023685E-01
 156   7.7889448E-01   1.6541855E-01   2.9929596E-01   8.3023685E-01
 157   7.8391957E-01   1.6541855E-01   2.9929596E-01   8.3023685E-01
 158   7.8894472E-01   1.6541855E-01   2.9929596E-01   8.3023685E-01
 159   7.9396987E-01   1.6541855E-01   2.9929596E-01   8.3023685E-01
 160   7.9899496E-01   1.6541855E-01   2.9929596E-01   8.3023685E-01
 161   8.0402011E-01   1.6541855E-01   2.9929596E-01   8.3023685E-01
 162   8.0904520E-01   1.6541855E-01   2.9929596E-01   8.3023685E-01
 163   8.1407034E-01   1.6541855E-01   2.9929596E-01   8.3023685E-01
 164   8.1909549E-01   1.6541855E-01   2.9929596E-01   8.3023685E-01
 165   8.2412058E-01   1.6541855E-01   2.9929596E-01   8.3023685E-01
 166   8.2914573E-01   1.6541855E-01   2.9929596E-01   8.3023685E-01
 167   8.3417082E-01   1.6541855E-01   2.9929596E-01   8.3023685E-01
 168   8.3919597E-01   1.6541855E-01   2.9929596E-01   8.3023685E-01
 169   8.4422112E-01   1.6541855E-01   2.9929596E-01   8.3023685E-01
 170   8.4924620E-01   1.6541855E-01   2.9929596E-01   8.3023685E-01
 171   8.5427135E-01   1.6541855E-01   2.9929596E-01   8.3023685E-01
 172   8.5929650E-01   1.6541855E-01   2.9929596E-01   8.3023685E-01
 173   8.6432159E-01   1.6541855E-01   2.9929596E-01   8.3023685E-01
 174   8.6934674E-01   1.6541855E-01   2.9929596E-01   8.3023685E-01
 175   8.7437183E-01   1.6541855E-01   2.9929596E-01   8.3023685E-01
 176   8.7939698E-01   1.6541855E-01   2.9929596E-01   8.3023685E-01
 177   8.8442212E-01   1.6541855E-01   2.9929596E-01   8.3023685E-01
 178   8.8944721E-01   1.6541855E-01   2.9929596E-01   8.3023685E-01
 179   8.9447236E-01   1.6541855E-01   2.9929596E-01   8.3023685E-01
 180   8.9949745E-01   1.6541855E-01   2.9929596E-01   8.3023685E-01
 181   9.0452260E-01   1.6541855E-01   2.9929596E-01   8.3023685E-01
 182   9.0954775E-01   1.6541855E-01   2.9929596E-01   8.3023685E-01
 183   9.1457283E-01   1.6541855E-01   2.9929596E-01   8.3023685E-01
 184   9.1959798E-01   1.6541855E-01   2.9929596E-01   8.3023685E-01
 185   9.2462313E-01   1.0000000E-01   1.2500000E-01   0.0000000E+00
 186   9.2964822E-01   1.0000000E-01   1.2500000E-01   0.0000000E+00
 187   9.3467337E-01   1.0000000E-01   1.2500000E-01   0.0000000E+00
 188   9.3969846E-01   1.0000000E-01   1.2500000E-01   0.0000000E+00
 189   9.4472361E-01   1.0000000E-01   1.2500000E-01   0.0000000E+00
 190   9.4974875E-01   1.0000000E-01   1.2500000E-01   0.0000000E+00
 191   9.5477384E-01   1.0000000E-01   1.2500000E-01   0.0000000E+00
 192   9.5979899E-01   1.0000000E-01   1.2500000E-01   0.0000000E+00
 193   9.6482408E-01   1.0000000E-01   1.2500000E-01   0.0000000E+00
 194   9.6984923E-01   1.0000000E-01   1.2500000E-01   0.0000000E+00
 195   9.7487438E-01   1.0000000E-01   1.2500000E-01   0.0000000E+00
 196   9.7989947E-01   1.0000000E-01   1.2500000E-01   0.0000000E+00
 197   9.8492461E-01   1.0000000E-01   1.2500000E-01   0.0000000E+00
 198   9.8994976E-01   1.0000000E-01   1.2500000E-01   0.0000000E+00
 199   9.9497485E-01   1.0000000E-01   1.2500000E-01   0.0000000E+00
 200   1.0000000E+00   1.0000000E-01   1.2500000E-01   0.0000000E+00
