4.480030075482819688e-08 6.313491299995491330e-08 8.956889806282357355e-09
4.091402193498384740e-08 7.235843446086757383e-08 8.407237081741207159e-09
1.575381078901590758e-08 8.117928748950821235e-08 9.705626129872924008e-09
1.246049168423102979e-07 1.152554254713845308e-07 -1.872632220889312319e-08
2.245980751996459515e-09 9.224884052833591048e-08 1.264469689280769541e-08
-2.187221140523696000e-08 9.567950209891619048e-08 3.876508196455545273e-08
-5.166516607849721639e-08 1.014953080020426618e-07 3.628486700334984089e-08
-5.358873165141113269e-08 9.223060254814036433e-08 5.318675366564321801e-09
-5.394840361665972593e-08 8.602414904714736369e-08 -3.108353426112897667e-09
-5.309836052301271472e-08 8.415104901800011452e-08 7.234423339150063560e-09
-4.973620464094193160e-08 7.832808044131267293e-08 9.224378124096034454e-09
-4.683681511689242777e-08 7.016760383632311485e-08 7.888535612208794977e-09
-4.187526163052696826e-08 5.888030529052051833e-08 7.594879343651631926e-09
-3.728777360556712081e-08 4.569493358873303101e-08 5.761882414981422418e-09
4.311336685735188100e-08 3.838346504113967522e-08 5.440215489812638242e-09
6.509196447605108481e-08 8.107328733528365508e-08 1.286693658980106651e-08
6.931048372681907507e-08 9.580237336790258288e-08 1.777927174645870714e-08
7.079563810861326585e-08 1.058084647165086170e-07 2.407013919903325202e-08
6.961383714616385468e-08 1.133288999079765967e-07 2.624346813205750455e-08
7.104558626381413560e-08 1.203991640574703163e-07 2.622525765306640997e-08
7.108109917747198571e-08 1.321448483396962646e-07 3.048037856672010582e-08
6.942044912566060321e-08 1.414963029280498178e-07 3.200891002290611021e-08
6.247824030347658802e-08 1.465192116569671326e-07 3.346383772470084125e-08
6.476229568158342365e-08 1.546326729875595583e-07 1.723998213251567589e-08
7.528529211502662682e-08 1.713420674506545670e-07 -2.964830167317891720e-08
2.214374441790488771e-08 1.759084040000853111e-07 -6.909562027853653768e-08
-1.555024327358044027e-08 1.558226763291235399e-07 -2.933684711150756709e-08
1.190268378425198584e-08 1.455829730878672494e-07 2.249878047729446758e-08
-8.081112313324508961e-08 1.205640530011999021e-07 1.065812449644274835e-07
1.379534164468611167e-07 1.700186091435130236e-07 9.834839429939630364e-08
-1.373072926786224193e-08 1.519426779883990857e-07 3.342652252056319433e-08
-3.762533196279854560e-08 1.430088336682662831e-07 -2.174278035531448671e-08
-7.498744823243716212e-08 1.284271511050321725e-07 -2.135605500635866686e-08
-8.286824569241913969e-08 1.258525480081645078e-07 1.744038626376442191e-08
-7.729856704474823490e-08 1.295230881173395696e-07 4.625009511479325450e-08
-8.507160390122158711e-08 1.373538326832340332e-07 4.339506277737842935e-08
-8.628598033197385382e-08 1.318874649838443696e-07 1.575953198405038933e-08
-8.400864338009377633e-08 1.216057106009238888e-07 8.265644370383008440e-09
-7.756264890340930101e-08 1.112648206767168492e-07 1.632771124892365981e-08
-7.532156549497348469e-08 9.866477419589314211e-08 1.162704705445957364e-08
-7.068970346980322528e-08 8.485047323571386779e-08 6.756002890690554041e-09
-6.125285707685591502e-08 6.757235996767165096e-08 7.826238219504041928e-09
-5.051162447014233711e-08 4.884914837170257859e-08 6.606261332851503976e-09
-4.099115508785619557e-08 3.486849757108163153e-08 4.225233515297251015e-09
6.746360536960007131e-08 7.401023656363367766e-08 8.130795879531216827e-09
7.962352421579082101e-08 9.210743410812851189e-08 1.419395667315037477e-08
8.765717971933386590e-08 1.102779244321218838e-07 2.560479703488182076e-08
9.083456130242534637e-08 1.257679342727155622e-07 3.319735983656668526e-08
9.631642470152735432e-08 1.392130514154504869e-07 2.881774299577454422e-08
1.064818434443934003e-07 1.501671200657537209e-07 1.784266101152935670e-08
9.989021375882631915e-08 1.646158326080221359e-07 2.623954899388873724e-08
8.241749982857739603e-08 1.773186105910236075e-07 3.966059728795058501e-08
8.775388527501019640e-08 1.804208951948373386e-07 2.775194762011001383e-08
1.117347870141785731e-07 1.853341369336191441e-07 -4.119774461325921457e-09
9.923488673767076147e-08 2.131077314530803936e-07 -3.964510245565270651e-08
4.923806590530819674e-08 2.419341218113153313e-07 -3.989818449555285062e-08
3.261601996774610251e-08 2.210120975561574675e-07 -4.352111062837584387e-08
2.726600605934539744e-08 1.868873602203585397e-07 -4.270870870810551000e-08
2.971511347563897494e-08 1.901880784908631638e-07 1.538631769383296152e-08
3.515290534235639383e-08 2.042691067569446951e-07 9.800791293180625284e-08
-3.676262627478258643e-08 1.950117185546495970e-07 9.642140884959627871e-08
-5.708305025983700984e-08 1.974179487631760217e-07 1.028127538463664014e-08
-8.966848407080465012e-08 1.950394927474314696e-07 -2.614992713461956417e-08
-1.204114642472837989e-07 1.841612350664170802e-07 -7.060014759724531911e-09
-1.274656907768318080e-07 1.800316006410458754e-07 1.766088613464489514e-08
-1.154747966230719249e-07 1.784393622715383185e-07 3.822254189923791066e-08
-1.094771170031819280e-07 1.749351909344900243e-07 3.743915277867514254e-08
-1.093857293987862422e-07 1.643545121495140686e-07 2.577529978235435533e-08
-1.060293431168698634e-07 1.477907383375112948e-07 2.537568795925805424e-08
-1.017421192411380183e-07 1.304972859256703300e-07 2.797328731193485868e-08
-1.000505043869516108e-07 1.128673938953134120e-07 2.012632578910140473e-08
-9.167480824532208644e-08 9.332211162909527334e-08 1.347951396586766541e-08
-7.873891831415179629e-08 7.196231821299898943e-08 1.214269277150010373e-08
-6.231597114331191407e-08 4.204373506171092357e-08 1.080943208449886343e-08
-4.730970756655496782e-08 2.641728432800766772e-08 6.618741104848030065e-09
7.815110224277960973e-08 7.122530691777777673e-08 8.773910730291720644e-09
9.160253529262043276e-08 9.309688511368141302e-08 1.755264846010648579e-08
1.043719072057190606e-07 1.152698667576263990e-07 2.642247151475386112e-08
1.120880333424878111e-07 1.366927705474236077e-07 2.958076722641823026e-08
1.198050648288311360e-07 1.574618551066384710e-07 2.293506291815287403e-08
1.361483663904445356e-07 1.779143271008471165e-07 7.359012943317506356e-09
1.379599274476730583e-07 1.946912436221298584e-07 4.620003600835849962e-09
1.278746686728874850e-07 2.085841805280031771e-07 1.847538270159963783e-08
1.221741269345162569e-07 2.148898865047892293e-07 2.770098615078282296e-08
1.245481485176800598e-07 2.176049386729113841e-07 2.185259809242500401e-08
1.215919523296475205e-07 2.317534556043570353e-07 2.177406890890130124e-09
9.024997950255830013e-08 2.584486036569414984e-07 -1.630283791972455523e-08
5.403159846649104218e-08 2.616779695519237988e-07 -3.960207967869097388e-08
3.485557050593996576e-08 2.509679499594174918e-07 -5.947140727126794372e-08
1.735071362927875495e-08 2.496234732799540570e-07 -3.035820437405722567e-08
-3.671297727957605815e-09 2.475929040385824647e-07 1.625996855726014811e-08
-4.863270407553509719e-08 2.443564695413001125e-07 -5.353227618317910313e-09
-9.018214217415850259e-08 2.471936547654947487e-07 -4.237789900884624163e-08
-1.157492034327054261e-07 2.395761944370969956e-07 -1.786425150959898710e-08
-1.446472378017435490e-07 2.256659907352439681e-07 -8.026934552213612571e-09
-1.728177436718694192e-07 2.256338475242784491e-07 -9.873863396899456896e-10
-1.422595677933995578e-07 2.174366974933924859e-07 3.250044626133274232e-08
-1.235040827818614895e-07 1.970468074220344494e-07 4.848610579513753342e-08
-1.304027991407326368e-07 1.780906029916605559e-07 4.531454715536954983e-08
-1.291649712770896030e-07 1.571441861979009967e-07 4.731838845606184705e-08
-1.256247970752919048e-07 1.356960080895629102e-07 4.758930861738504612e-08
-1.236564037231771544e-07 1.129324251593714872e-07 3.469112366741070925e-08
-1.083269374061003753e-07 8.920540878159909100e-08 2.594084641112248673e-08
-9.119403453668455551e-08 6.973559698047650315e-08 2.139658146039208448e-08
8.585077869656896023e-08 6.976327694280535725e-08 1.230608813839972360e-08
1.023661337539622749e-07 9.077851696094966687e-08 2.300203052099031145e-08
1.195772043618976439e-07 1.144221428303334175e-07 3.095488873160577464e-08
1.311371818631776729e-07 1.387506471161739166e-07 3.435626884763637828e-08
1.413749703020279185e-07 1.626164999230065239e-07 2.962370313266772226e-08
1.574695626011038587e-07 1.871185119315936716e-07 1.510527507803287742e-08
1.653855074131780207e-07 2.100405838406306659e-07 7.507587017876521990e-09
1.640511862068640581e-07 2.285142956253081125e-07 8.777608343766692130e-09
1.542013196824357692e-07 2.436780237796699496e-07 1.551664592863254310e-08
1.497921761552819168e-07 2.539948234765597799e-07 1.473655803631110264e-08
1.488043704892259072e-07 2.574686639226092065e-07 -2.883051301343461553e-09
1.201254863611837307e-07 2.667753315116672069e-07 -2.719605593433586398e-08
7.686077661196858292e-08 2.884516183766124064e-07 -5.228624154446303418e-08
3.828636206446577090e-08 3.064986789374485995e-07 -7.527863508088847811e-08
7.365808653804727043e-09 3.025378869470559601e-07 -7.510921757401701716e-08
-1.652422605707140462e-08 2.821422599628481320e-07 -6.785440442606637671e-08
-6.910938035002317259e-08 2.768171468019482257e-07 -6.977516611358736415e-08
-1.167521186305914951e-07 2.839779490269431689e-07 -4.667935292118999722e-08
-1.320150573742309910e-07 2.734794074460649182e-07 -5.834298863366168793e-09
-1.522836533750014448e-07 2.602336693365904749e-07 1.617995959660724624e-08
-1.708123120716111313e-07 2.536140113709728996e-07 2.901372254903393014e-08
-1.617967815802560849e-07 2.392267140806713618e-07 5.158704930205001971e-08
-1.575163081782284356e-07 2.179181552524144809e-07 5.998310428774572984e-08
-1.684358432635137762e-07 1.955402219071317318e-07 4.989466620930028337e-08
-1.622252674651195565e-07 1.670589289754615029e-07 5.604431688719022037e-08
-1.536559347038591618e-07 1.326173625423892282e-07 6.445609913925238202e-08
-1.507302521701600398e-07 8.785292878226883736e-08 4.934545000136541777e-08
-1.234860113052295517e-07 6.137180692306527119e-08 3.235029290427095607e-08
-9.943643358105962570e-08 6.089263799191269995e-08 2.472988458912596311e-08
9.130670907506354512e-08 6.833973377749724595e-08 1.483919210075809755e-08
1.118336481691458499e-07 8.860188081366502697e-08 2.556687409908233358e-08
1.334297528980017765e-07 1.117382219419950405e-07 4.075178877375580122e-08
1.460666010361597195e-07 1.372048067455791800e-07 5.425221525790283888e-08
1.568999474762424764e-07 1.626026503431506141e-07 5.452227139152366249e-08
1.735755007554730049e-07 1.864294159642501886e-07 4.601445071514291162e-08
1.786639773919522808e-07 2.077694008407420411e-07 4.504019455914100085e-08
1.770423935774298785e-07 2.282562708780723928e-07 3.877120333261523244e-08
1.857583475064068296e-07 2.511173625392007934e-07 1.369951870533606837e-08
1.953566028176973433e-07 2.683440440108666235e-07 -1.325024300201013415e-08
1.759897438131829402e-07 2.725017697968963223e-07 -1.664722078617206903e-08
1.343702520844318131e-07 2.830078037639968935e-07 -1.516778475782082455e-08
1.007075631403166265e-07 3.033567367640419856e-07 -4.634431641565916713e-08
6.073242022341242319e-08 3.212888355339174208e-07 -8.285191430453898205e-08
9.775789633396909431e-09 3.202392536284860633e-07 -8.658590004535309516e-08
-2.926234439364593421e-08 3.063409286952476145e-07 -8.668921661050784319e-08
-8.012060856270002823e-08 3.044868727458669627e-07 -8.940104281107671739e-08
-1.287821597319797365e-07 3.087366289656862168e-07 -6.107626940480797105e-08
-1.566957601678700372e-07 2.984778883463071160e-07 -1.705666337429839032e-08
-1.704962469773839981e-07 2.827072372692337147e-07 2.213117473777337064e-08
-1.774106250344410900e-07 2.660779180706631701e-07 5.158982512678920654e-08
-1.840024520813472251e-07 2.479826291647542431e-07 6.974106401841314250e-08
-1.918315824189137885e-07 2.280915838816145741e-07 7.246122364278597802e-08
-1.987697419943484270e-07 2.044600042384529371e-07 6.699755518205360122e-08
-1.880999899090899526e-07 1.728916804846026248e-07 7.620546549273715002e-08
-1.901021628872386590e-07 1.349956910013470643e-07 8.618314378983519539e-08
-1.055809212846820848e-07 3.691135688721918775e-08 2.544908341500794671e-08
7.654515387046153512e-08 7.559359267797660339e-08 1.127350998801044207e-08
9.597529140948968172e-08 6.729953646501343640e-08 1.685552397600084279e-08
1.202757579099211762e-07 8.745458862004448792e-08 2.615235522981352381e-08
1.474192183312891719e-07 1.107180414749981591e-07 4.586023664356285255e-08
1.630544646945610489e-07 1.357191405115261921e-07 6.916051279405206507e-08
1.717439528763983260e-07 1.622613666398772795e-07 7.780229990004348201e-08
1.877550770479357029e-07 1.860336348147320928e-07 7.405663222497050934e-08
1.954566408482923187e-07 2.070518574725935138e-07 7.345240656165552204e-08
1.955666104642572049e-07 2.294544030326147560e-07 6.484091043922286908e-08
2.068637126679694737e-07 2.541271623314986674e-07 3.602051783001103631e-08
2.131362908970024152e-07 2.730074572938630669e-07 9.169944155084434334e-09
1.899656126549619967e-07 2.830805714542936517e-07 8.406778113347775978e-09
1.558733374207370016e-07 2.961397626571320122e-07 2.092583775350947700e-09
1.246157103765429273e-07 3.146151334182469439e-07 -3.517914305740622480e-08
7.629047425172694469e-08 3.292748155283436095e-07 -6.438304486555548225e-08
1.772418744215683369e-08 3.307454118518255093e-07 -5.904284164017087220e-08
-3.376038127570616532e-08 3.264920051450460025e-07 -6.084288386415218129e-08
-8.502791905259967013e-08 3.278741941715344460e-07 -8.530316980336975924e-08
-1.417141473869649090e-07 3.292930139036199661e-07 -8.504559518627984900e-08
-1.805021131968434394e-07 3.203355488321798196e-07 -4.241715077245520689e-08
-1.974398938626688665e-07 3.026684778129320665e-07 7.771605070127353107e-09
-2.069253785243965125e-07 2.807188677772745508e-07 4.554949221261512092e-08
-2.140330820008076736e-07 2.562653741288153468e-07 7.025727926469845577e-08
-2.195691536009860737e-07 2.309432065575061389e-07 8.183792472774592952e-08
-2.213170446384016086e-07 2.046423907016211325e-07 8.573937898518752064e-08
-2.085659033426625021e-07 1.738556851072426436e-07 9.696350904513457369e-08
-2.164227121786099127e-07 1.427901722766323169e-07 1.038981997900356128e-07
8.036692216749775029e-08 5.596565093808838088e-08 1.125040089882117025e-08
9.970043522117506184e-08 6.588709127800779269e-08 1.758268506895121973e-08
1.277615924327822251e-07 8.563651505246151702e-08 2.844597697948855921e-08
1.612000735165737244e-07 1.102348751816488664e-07 4.722479382939345093e-08
1.833713871053027214e-07 1.363141461078946986e-07 7.047846231782162382e-08
1.899884626944803302e-07 1.627957683224222207e-07 8.663968596418434944e-08
2.076523100913501195e-07 1.873386082503134974e-07 8.229915338333974260e-08
2.236243587213040546e-07 2.121783026889930299e-07 7.519326561246112092e-08
2.232353892215181558e-07 2.354279561780483188e-07 7.375758738619097599e-08
2.236186472604803152e-07 2.569413909535654288e-07 5.782952155570239574e-08
2.220866773132175522e-07 2.767985699776469505e-07 3.505492265709658222e-08
2.070191664727585246e-07 2.942216349749984977e-07 1.664217860823518362e-08
1.807887550575526096e-07 3.113082235241386531e-07 -7.955707634338298455e-09
1.411661042259869759e-07 3.272268531791173113e-07 -3.705538974493934965e-08
8.324958107282856426e-08 3.372532331280719712e-07 -4.711757083497145686e-08
2.226433518989041795e-08 3.388910066404605991e-07 -3.790797412311801503e-08
-3.435181929497297771e-08 3.385036433078003383e-07 -3.958990741163559175e-08
-9.146429893097981509e-08 3.400868013243595801e-07 -6.000376905805552735e-08
-1.500369979136334252e-07 3.392637038086835514e-07 -6.820429003539155077e-08
-1.967828649125470867e-07 3.316105468160852864e-07 -4.331523687097804279e-08
-2.243279384085945941e-07 3.155515430138450997e-07 -2.824351611131708405e-09
-2.387238792283043358e-07 2.929276637665276630e-07 3.337925959413276227e-08
-2.472797605152735983e-07 2.676375704563539353e-07 5.717512076627483353e-08
-2.538250313323313831e-07 2.422825051366110130e-07 6.483311356604659704e-08
-2.541263600115824254e-07 2.146897898265718880e-07 6.920121466671511177e-08
-2.350060291962912095e-07 1.810402921051624878e-07 9.089773460120422525e-08
-2.358138704171810127e-07 1.524537517576192691e-07 1.106242984690655852e-07
-6.619335340369922385e-08 7.913987099207766230e-08 1.166833353884433317e-08
8.364692610864152190e-08 5.246195228313070346e-08 1.063432748276437967e-08
1.027694120680540921e-07 6.496570433154762059e-08 1.925278745871376839e-08
1.343591635750490280e-07 8.439817029143761405e-08 3.419841567294060083e-08
1.743320936071691204e-07 1.089662476917850500e-07 4.899334805687413226e-08
2.034151558907048858e-07 1.349726301310242525e-07 6.886741253989288740e-08
2.074571494712872663e-07 1.591092455182758106e-07 9.264125992489564562e-08
2.309808461099690892e-07 1.859859603959738696e-07 8.185454483600146905e-08
2.551364461708239062e-07 2.147673153928047906e-07 6.526442979786935742e-08
2.511159957863671425e-07 2.371671016418106726e-07 7.144364628531358602e-08
2.464818122423391730e-07 2.567824969053793844e-07 6.198355322853487658e-08
2.410117179199305551e-07 2.784083064633637214e-07 3.497079813317655945e-08
2.277177661235731068e-07 3.005794464540774333e-07 3.251464366738004244e-09
1.987907807333589477e-07 3.196161519610340660e-07 -2.873704068904891872e-08
1.511146575778502839e-07 3.327814574028297955e-07 -4.927104074692466874e-08
8.880956514419918950e-08 3.385391181671010611e-07 -5.123562017540391455e-08
2.358155639689277532e-08 3.390726096138888947e-07 -4.428625094179390186e-08
-3.855849753565893399e-08 3.387204554460790634e-07 -4.171333994853438422e-08
-9.991976847845295557e-08 3.386126576575084676e-07 -4.277651727231040012e-08
-1.580569815714477415e-07 3.357668602156813096e-07 -3.951070003140131715e-08
-2.089075363480767726e-07 3.290734830263025996e-07 -3.076923816752659208e-08
-2.477922913739875155e-07 3.169303437338826795e-07 -1.343765301184447647e-08
-2.698595769958157730e-07 2.974464375039910084e-07 1.349718033481545255e-08
-2.797025529260814395e-07 2.728451345840052773e-07 3.790677062617838659e-08
-2.862098778694516830e-07 2.476677985787264201e-07 4.665479060305727870e-08
-2.851359081431997112e-07 2.205467293200229366e-07 5.271003209466105089e-08
-2.621091441007022393e-07 1.872639455882735016e-07 7.928168352650392380e-08
-2.479427478271740952e-07 1.607306331189614403e-07 1.075522796946629850e-07
-7.191935531699951393e-08 5.970283525042812213e-08 1.007917390032042625e-08
8.770097841396735362e-08 5.049477891623521998e-08 1.082057686053444423e-08
1.061735846528831041e-07 6.359977213184447055e-08 2.233522184506246618e-08
1.393506601548096432e-07 8.187598763033821953e-08 4.004520530449140529e-08
1.843073869122133315e-07 1.038724734350724388e-07 5.299992741528563412e-08
2.195042640819832166e-07 1.261216864035793779e-07 7.233222891660325259e-08
2.221909901844306752e-07 1.482028383066934397e-07 1.015967112513397592e-07
2.509718147090438612e-07 1.794102576334214775e-07 8.738814163976677433e-08
2.809891745161632945e-07 2.106034515271220412e-07 6.511953437684659321e-08
2.739209484107647150e-07 2.318090942646286618e-07 7.346065513837485355e-08
2.690301203779461866e-07 2.506802620524090680e-07 6.341413855239287958e-08
2.628080577256819265e-07 2.723403061239156928e-07 3.025409671983373655e-08
2.472154985440806424e-07 2.958904770980413317e-07 -1.072588140203980900e-08
2.131335059548385484e-07 3.172869724381639813e-07 -4.889851707284101673e-08
1.594822683635743783e-07 3.312629500031516214e-07 -7.015081172306037786e-08
9.366222931811005791e-08 3.340517476098741391e-07 -6.937631332889034260e-08
2.343499548744478594e-08 3.318373392122083498e-07 -5.972682541032322397e-08
-4.532199176588197725e-08 3.322836996234376693e-07 -5.394446102546185792e-08
-1.099945103413424682e-07 3.324615271895320733e-07 -5.293517689853472135e-08
-1.699792416834957571e-07 3.279034082835414658e-07 -4.925282374480393622e-08
-2.227889601980252233e-07 3.189007768869188149e-07 -3.724378956864116437e-08
-2.651452984397953933e-07 3.058036577821030839e-07 -1.956102620546668514e-08
-2.937975539391760115e-07 2.877508291223226835e-07 2.183589002812691184e-09
-3.076425212278604458e-07 2.647654279336218325e-07 2.475759401007505526e-08
-3.137475948608206528e-07 2.399847889000056597e-07 3.736032463223718651e-08
-3.110593954260568940e-07 2.140727963288106877e-07 4.496200486415198984e-08
-2.891190158597986978e-07 1.850085204375426163e-07 6.578996300358330037e-08
-2.605842027108079909e-07 1.601751520315190874e-07 9.227044300898328466e-08
-2.454681003986354402e-07 1.917626864895575088e-07 1.023689404865364684e-07
-7.565127064885792298e-08 5.602867060459291293e-08 9.312879307562996698e-09
9.161330352891707317e-08 4.734604727481439789e-08 1.134648803963528503e-08
1.100879172387521738e-07 5.968673300442087138e-08 2.443744148234304483e-08
1.426394700549325436e-07 7.552836063898242050e-08 4.331373187447222576e-08
1.894507280883693984e-07 9.506828822677185660e-08 5.505426764666124888e-08
2.304613220510308944e-07 1.147220443875170314e-07 7.219895177305169115e-08
2.361505747167092766e-07 1.360385230268271563e-07 1.016041673200189056e-07
2.690165376303778483e-07 1.695157520415547691e-07 8.814627946934681275e-08
3.029853630860946021e-07 2.022341034817487308e-07 6.373734661942384676e-08
2.940615594549925006e-07 2.207589783129270824e-07 7.384875807101066039e-08
2.875395739607116299e-07 2.367982327092608894e-07 6.416748960326837459e-08
2.846324904379130241e-07 2.576170133330015973e-07 2.127520029164307988e-08
2.694241526341776041e-07 2.819329180513881996e-07 -3.234872581622336362e-08
2.287736468807574787e-07 3.044254572333264134e-07 -7.627892613148646020e-08
1.675073291839988443e-07 3.188711612511455588e-07 -9.859392920449538903e-08
9.705257551118610001e-08 3.185950485175281216e-07 -9.937754589354401156e-08
2.186343453765362858e-08 3.124779440310534018e-07 -8.687285936483185173e-08
-5.117521756007807644e-08 3.136815078470303013e-07 -7.278700135271846107e-08
-1.174160615843739797e-07 3.138969797455476781e-07 -6.776558878127587421e-08
-1.803731270085101208e-07 3.093205554384611206e-07 -6.733589517293713314e-08
-2.369519241117986930e-07 3.005043313711611141e-07 -5.599065351186621885e-08
-2.820867958271671403e-07 2.871483254659772153e-07 -3.626548980133704294e-08
-3.152755703082667609e-07 2.701171350719678593e-07 -1.631991562881703640e-08
-3.335308448291005588e-07 2.487834249421412621e-07 5.389510052391526336e-09
-3.388342999982114948e-07 2.239744084776995189e-07 2.611028058168836561e-08
-3.319006996239492399e-07 1.973296652531047570e-07 4.457231968198378923e-08
-3.088735276781190349e-07 1.706053285286484925e-07 6.618204996776095924e-08
-2.740297180556129098e-07 1.496850890391264489e-07 8.795436140884429521e-08
-2.478342545947753016e-07 1.458564597648679224e-07 9.526837645847690213e-08
-9.686920642326830444e-08 1.347490170974682333e-07 2.406403848125932687e-08
-7.862230056376530766e-08 5.233176152150626258e-08 9.365124555639484794e-09
9.407317118424726475e-08 4.329413596854461832e-08 9.995068002801137629e-09
1.131812759875187658e-07 5.274909619841561059e-08 2.329025940997109524e-08
1.460370323292281372e-07 6.455325459889752127e-08 4.349736555470669959e-08
1.937377222884276969e-07 8.224040516267921617e-08 5.185940634392816444e-08
2.403530466857019597e-07 9.966149045808269595e-08 7.002311160063091407e-08
2.516840635761245560e-07 1.170909996653478699e-07 1.036864841671744872e-07
2.872066719348647944e-07 1.517417530785006450e-07 8.753566535593845088e-08
3.229796283539484118e-07 1.876512326782826347e-07 5.642617035352392410e-08
3.131822935262534792e-07 2.032011443892429402e-07 6.741231536456618290e-08
3.041951209171415636e-07 2.155643623981207319e-07 5.812556431012024930e-08
3.058511515412407080e-07 2.355663572734514625e-07 4.468968148916558788e-09
2.934675639646297548e-07 2.593618056885277751e-07 -6.419708926344921086e-08
2.473347132975717026e-07 2.801013675192489934e-07 -1.174724924036334267e-07
1.770438438239617748e-07 2.935874932651303473e-07 -1.443149675717217142e-07
9.897182459450109000e-08 2.922646010492082852e-07 -1.469908284745839119e-07
1.844281800956883856e-08 2.841577478691402999e-07 -1.292511165975323196e-07
-5.542912773765777680e-08 2.843922917306905036e-07 -1.038549229858043874e-07
-1.226884739082175401e-07 2.820774032403390852e-07 -9.153428086557037003e-08
-1.888931556425633521e-07 2.769510239338218028e-07 -9.035645051906183947e-08
-2.493057993212793930e-07 2.696123092324417243e-07 -8.067288599790791519e-08
-2.980176641117358889e-07 2.585346360754089693e-07 -6.234135925681036498e-08
-3.347781572727959295e-07 2.438027265194885770e-07 -4.316607574469595350e-08
-3.564793898664900686e-07 2.244620094643685498e-07 -1.877505029178099002e-08
-3.612381201082244802e-07 2.008763952653623017e-07 1.170764308104937661e-08
-3.506625243212573509e-07 1.758994275985754127e-07 4.280670342843310488e-08
-3.246161250983970415e-07 1.524487210088496790e-07 7.167717409731530735e-08
-2.831450897315705151e-07 1.351697430609540587e-07 9.304850587734828883e-08
-2.469437767543715652e-07 1.269438760176933290e-07 9.531771052645941897e-08
-2.063115685982200061e-07 1.939758846452142636e-07 7.828207508595170867e-08
-1.429126850739522226e-07 1.701344127029035074e-07 4.598827327469435207e-08
-9.614591275870504424e-08 8.445690697641064192e-08 2.058904947398361877e-08
-8.083320733993445506e-08 4.761576048646168622e-08 9.755030443768220727e-09
9.569809050955169782e-08 3.688441069751555128e-08 9.068425306024902789e-09
1.139656342373179973e-07 4.347560760032431997e-08 1.947130086255123849e-08
1.494080383319885971e-07 5.130529107234060264e-08 3.736989308623492758e-08
2.000104361936381861e-07 6.573331029283246844e-08 4.662230739883281596e-08
2.511740114506300346e-07 8.425238982778855778e-08 6.844704414065369031e-08
2.715581169289247537e-07 9.734709246327816653e-08 1.028761933946469433e-07
3.069222131365721832e-07 1.263908119987891031e-07 8.691445449208937489e-08
3.382643895625806478e-07 1.610687931667957044e-07 5.319320994587442860e-08
3.305262655460276527e-07 1.778995778359730518e-07 5.693826408371580137e-08
3.222745445286231567e-07 1.888494567918811619e-07 4.099693310900582961e-08
3.255226451543940210e-07 2.065013133463489410e-07 -2.070644226859478834e-08
3.146977860758596831e-07 2.263905800680546939e-07 -9.968742867049076895e-08
2.665369604889066100e-07 2.424896522202576345e-07 -1.637064909386099153e-07
1.880768170806778188e-07 2.522343470834335084e-07 -1.967255358444964457e-07
1.001959085990811281e-07 2.499530686449921339e-07 -1.963137019159115167e-07
1.580731169245229683e-08 2.440008207254575385e-07 -1.705579381097982053e-07
-5.754377083468494242e-08 2.418709479571206832e-07 -1.368023406165276732e-07
-1.278749050915587540e-07 2.370855711104790253e-07 -1.141493363052055319e-07
-1.969412690537420033e-07 2.310276990116254900e-07 -1.049979412657155153e-07
-2.582457813280532877e-07 2.238290982216777307e-07 -9.539380273709587615e-08
-3.094815126456307153e-07 2.157728752534528835e-07 -8.281936954013253914e-08
-3.494861008746762139e-07 2.055037334553551676e-07 -6.801440925395462976e-08
-3.743303635349256426e-07 1.901225020393159950e-07 -4.177696131307853948e-08
-3.802303592715906220e-07 1.703691286466116604e-07 -5.556757418877167494e-09
-3.700953681412345825e-07 1.500024123174441335e-07 2.958627287083732763e-08
-3.424705160728900318e-07 1.307392740684265822e-07 6.428740542200384345e-08
-2.923206290247148515e-07 1.145776463289550869e-07 9.377075519485345537e-08
-2.468686599437011042e-07 1.050740410024304104e-07 9.878420759856259800e-08
-2.024430448052643323e-07 1.181063875100033417e-07 7.284510197294412743e-08
-1.416563458029017520e-07 1.039762450281591002e-07 3.861501059972927909e-08
-9.734699273494448396e-08 6.631208254917080519e-08 1.928044270803735511e-08
-8.187234225904384117e-08 4.107500198996103451e-08 1.021853922556896907e-08
9.631911399396453990e-08 2.761791420523107232e-08 1.050576058307635255e-08
1.135065477399705732e-07 3.196188123369501741e-08 1.571926177085911597e-08
1.514812151774005331e-07 3.831314090751631290e-08 2.852423305126505382e-08
2.046200171693929549e-07 4.949284098938320713e-08 4.960788301250588793e-08
2.574080723474723646e-07 6.765716727711926145e-08 7.076045064166520098e-08
2.923222428568741926e-07 8.310469579851564855e-08 8.434169415284561652e-08
3.300317727233282524e-07 1.004169147632632524e-07 6.761368632995409934e-08
3.545125669280837897e-07 1.231616053581464126e-07 4.183687217115034399e-08
3.474795092160659330e-07 1.431897500745324872e-07 3.707172655237863466e-08
3.397064438629512675e-07 1.543476676048409058e-07 1.682260968670741020e-08
3.412351903832760814e-07 1.649906772914217296e-07 -4.661359069682114815e-08
3.296325612420527871e-07 1.768125883980950007e-07 -1.293703174893646146e-07
2.820966331273367727e-07 1.871368578368863404e-07 -2.004475510272832573e-07
1.980710417943627615e-07 1.937798211374025791e-07 -2.355198428962131260e-07
1.026894834221946843e-07 1.902869217884809409e-07 -2.310407822700906040e-07
1.662899007027924644e-08 1.865173145379541744e-07 -2.017800688755914103e-07
-5.881163317902681540e-08 1.830423160185749961e-07 -1.627072308731062786e-07
-1.331373503166065248e-07 1.786187085635826548e-07 -1.312360521501805311e-07
-2.041646770108271673e-07 1.734202582117051748e-07 -1.138324983648816532e-07
-2.652538470205293274e-07 1.666195131681120048e-07 -1.005196284133306410e-07
-3.157809401871884129e-07 1.597586626350368922e-07 -8.845809866043388707e-08
-3.568435869219976355e-07 1.537201888147405273e-07 -7.964952106734304812e-08
-3.857073873777380238e-07 1.447253401864822010e-07 -6.076125873453003793e-08
-3.948687328299338345e-07 1.311828869081309698e-07 -2.636066166785123172e-08
-3.872850644601489121e-07 1.171269750627824154e-07 7.798000281270195556e-09
-3.595316635446182446e-07 1.032009489612744336e-07 4.691594284468330705e-08
-3.023557879163714144e-07 9.136581398635977776e-08 8.629380877863103652e-08
-2.497102450244270200e-07 8.588948365363899433e-08 9.578212982673893293e-08
-2.028148043457889555e-07 8.909693692699509397e-08 6.899189697630778394e-08
-1.449801344582345558e-07 7.683768621150796709e-08 3.612485120951460175e-08
-1.008203907245616023e-07 5.123213353085320122e-08 1.891398096312895398e-08
-8.389497033651780715e-08 3.236415064931557790e-08 1.070812494548407689e-08
9.412264829782976316e-08 1.698168337024157308e-08 1.129803292277801815e-08
1.135602957708587487e-07 1.881682179095588689e-08 1.574158225823257753e-08
1.536060831758410380e-07 2.380397878710592429e-08 2.843253287115950974e-08
2.054529488713374229e-07 3.328990467671335371e-08 6.259963438795678693e-08
2.577141832508242197e-07 4.379723820422558750e-08 8.058896303786989610e-08
3.065103214170417102e-07 6.225922501118276465e-08 6.168790544451844616e-08
3.513953769316861529e-07 7.404984814149375277e-08 3.825661756062548840e-08
3.737317160431154890e-07 8.121994468664169081e-08 1.878746636281681321e-08
3.689747298546023545e-07 9.390186891718396479e-08 8.226898279484683832e-09
3.568463282502263340e-07 1.044150871030627705e-07 -1.070075362133655170e-08
3.525131032784565272e-07 1.087521114870198297e-07 -6.733376116372092633e-08
3.379893396748871149e-07 1.119123219345101984e-07 -1.462153870735817160e-07
2.908280947992520161e-07 1.161107368313991097e-07 -2.176224699182343205e-07
2.058164085463353171e-07 1.197196465168138463e-07 -2.521302888194764320e-07
1.085969488711962954e-07 1.156067482287690108e-07 -2.481049303035654857e-07
2.031754984803802019e-08 1.117573887621407947e-07 -2.231935768199878243e-07
-6.033074331486261443e-08 1.110255273376321991e-07 -1.859491615124303109e-07
-1.375165932356427452e-07 1.089571748923002773e-07 -1.492130171122939202e-07
-2.083745003982434962e-07 1.054417958834611307e-07 -1.215815058793588884e-07
-2.697027323999887012e-07 1.012731869327465631e-07 -1.000636590099410788e-07
-3.187563481467964916e-07 9.596367618495026692e-08 -8.177806790005326341e-08
-3.583541949524938394e-07 9.200325086488833592e-08 -7.415350573207435813e-08
-3.895850103063508404e-07 8.870868247817627899e-08 -6.844119693510831338e-08
-4.024086180997200550e-07 8.192620126115754546e-08 -4.233368297417469531e-08
-3.985737237198739331e-07 7.367578392608813141e-08 -1.155274644400374163e-08
-3.725564689013974223e-07 6.694282067892812981e-08 2.634145633938898647e-08
-3.102271224803285964e-07 6.386203671713673035e-08 6.980254710331924351e-08
-2.528690563173542649e-07 6.495014801915131248e-08 8.113919010312530562e-08
-2.063491951338341534e-07 6.495222659854569172e-08 5.790374897706970932e-08
-1.521029671775371610e-07 5.370433292187942772e-08 3.295550886413443932e-08
-1.076095191185317369e-07 3.605570777672208363e-08 1.853664025414193929e-08
-8.955435651548580564e-08 2.254053568457856317e-08 9.826192108493308351e-09
9.258406456084727297e-08 6.632110782784925551e-09 1.018374730241802686e-08
1.146381987935000290e-07 6.546006958253248412e-09 1.737880990423008280e-08
1.565253700800996434e-07 8.789596596764340838e-09 3.571100915736113327e-08
2.066189005776386580e-07 1.190963741728948828e-08 7.325717463578631967e-08
2.583041903187605564e-07 1.501170214362821041e-08 8.540515234387834155e-08
3.122964869057074709e-07 2.772120743569482252e-08 5.211490425474742500e-08
3.625872098436153347e-07 3.634221957442111308e-08 2.092936687378640270e-08
3.876713887913968411e-07 3.610558475396092623e-08 -2.463412052609848002e-09
3.856739602633899277e-07 3.572337737215209070e-08 -1.811177402944226082e-08
3.702127627632392515e-07 3.954530091445189685e-08 -2.931764460250927960e-08
3.561897964594036877e-07 4.146145651871611090e-08 -6.629866488020130400e-08
3.351091307597976676e-07 3.969892531376352572e-08 -1.293087535347609774e-07
2.893006687215227990e-07 3.849754984542497120e-08 -1.970677627100975363e-07
2.112754294223693118e-07 3.839975589608872579e-08 -2.418935156825983316e-07
1.164658939367060236e-07 3.507728118970746510e-08 -2.504646600101523224e-07
2.502377916454636268e-08 3.337741428787297610e-08 -2.356062602789674051e-07
-6.115266563376931533e-08 3.553707725372343589e-08 -2.078851072284691672e-07
-1.404355750670487669e-07 3.480702664656539852e-08 -1.686480949859472367e-07
-2.089422495610277156e-07 3.207123355597395855e-08 -1.269093326601411642e-07
-2.696221908900530144e-07 3.021579126999715203e-08 -9.610517244258742163e-08
-3.194970466715576846e-07 2.759928392595686874e-08 -7.312478183993027258e-08
-3.573595635356338521e-07 2.544574091939640943e-08 -6.169209174184869367e-08
-3.867661422554291871e-07 2.712156643989085157e-08 -6.073421732690044080e-08
-4.018900662701988866e-07 2.731493171584192468e-08 -4.472906630189115590e-08
-4.033510779399331497e-07 2.342113664066089577e-08 -2.318673425537053954e-08
-3.803237321419334385e-07 2.292177687213162183e-08 7.221627442362100867e-09
-3.151172383496614128e-07 2.756962893899614342e-08 5.026985610609207431e-08
-2.549122249072706665e-07 3.259717339531023302e-08 6.580728680355966293e-08
-2.098780559395916084e-07 3.495173423266494438e-08 4.734119777428720354e-08
-1.588774522177106275e-07 3.017135364740859903e-08 2.792523733477198771e-08
-1.139857822201891287e-07 2.006357609081243122e-08 1.544261565374592259e-08
-9.414310127006293623e-08 1.151653994803234371e-08 7.349604702783608534e-09
9.578133014911932499e-08 -3.016247014966708711e-09 8.666243143188923926e-09
1.154451767914904448e-07 -4.525574470144634986e-09 1.844273008769831892e-08
1.563980318686038872e-07 -6.635826874104524527e-09 3.790116436427113368e-08
2.077848144014445861e-07 -1.129270171556433279e-08 6.528557922706947027e-08
2.616462199063497773e-07 -1.332359872478405684e-08 7.456183548911013587e-08
3.122126066002979586e-07 -1.215329429929176552e-08 5.559371347025158189e-08
3.627222373743965796e-07 -1.213475801380562929e-08 2.047057562214233014e-08
3.951653425626525424e-07 -1.410462356818121101e-08 -1.679737503980123303e-08
3.937963463279353426e-07 -2.071588281493487901e-08 -3.477035565012911764e-08
3.748517185629730203e-07 -2.552101116298613685e-08 -3.433291866612237399e-08
3.520233212242061550e-07 -2.589382049005366018e-08 -4.712024933830904644e-08
3.238491572842171847e-07 -2.932851959832770203e-08 -9.228099172581694544e-08
2.808108477214896809e-07 -3.507220004233458979e-08 -1.581118415580859071e-07
2.127930546991246916e-07 -4.015582350877831267e-08 -2.191349660070244895e-07
1.223433757614602620e-07 -4.359014177580390574e-08 -2.465399298377848727e-07
2.933314455650783447e-08 -4.336933956733501331e-08 -2.424311027168648496e-07
-6.031227792948911979e-08 -3.992619303029962083e-08 -2.245097097892872105e-07
-1.418454779436001498e-07 -3.819278153460724310e-08 -1.857535052567778142e-07
-2.080322172699663535e-07 -3.901255990592589247e-08 -1.329734314725353926e-07
-2.671021965456265182e-07 -4.007469837074932818e-08 -9.609868092121937141e-08
-3.177905853258493860e-07 -4.115229545156478671e-08 -7.144214297185408911e-08
-3.526972246950091847e-07 -4.074704653463176670e-08 -5.101649371471167047e-08
-3.784772830507194088e-07 -3.553916202406618811e-08 -4.417351603980004028e-08
-3.964814943342800509e-07 -2.895687323637455120e-08 -3.825538142053121829e-08
-4.016608505498613616e-07 -2.747164967169747794e-08 -2.609799596153424388e-08
-3.792201358125923663e-07 -2.484151490074523439e-08 4.447426451545525268e-09
-3.154474255572313301e-07 -1.689176257975302776e-08 4.825431190711265643e-08
-2.561378402914615645e-07 -7.980462789136848389e-09 6.581472114926781645e-08
-2.106664011664261062e-07 -1.901281901840923241e-10 4.724155345024762267e-08
-1.602009335118187202e-07 4.533431501775504505e-09 2.423104231410466258e-08
-1.140545225075648376e-07 2.847350211055379478e-09 1.090367476662312345e-08
-9.150485022101216074e-08 -2.639634705193878815e-10 4.544725547318243757e-09
9.789937573670672633e-08 -1.317155087271642145e-08 7.618303010903231200e-09
1.151881361263762992e-07 -1.613445913338832802e-08 2.056862053732990356e-08
1.531194925090475520e-07 -2.246740549788382434e-08 3.804627571445399410e-08
2.056680967489466808e-07 -3.159875764337866761e-08 4.559069057930379389e-08
2.641435882681250241e-07 -4.164876072167172117e-08 5.381000949015354455e-08
3.072302961068347244e-07 -5.128781306405031439e-08 6.636677275022814054e-08
3.543124565967506094e-07 -5.979695841213280995e-08 3.547073810731384298e-08
3.948465659753160330e-07 -6.666327990016112915e-08 -1.595158089647238231e-08
3.966113850380227240e-07 -7.598036862804627116e-08 -3.973422263216911867e-08
3.775904013293287992e-07 -8.525703631995662931e-08 -4.347891209737942088e-08
3.489578503332763418e-07 -8.936946316346108959e-08 -4.610479489194246414e-08
3.148879327760000217e-07 -9.464572819036981308e-08 -7.777680933032312040e-08
2.715161776064393673e-07 -1.040291035612226840e-07 -1.387257686060585586e-07
2.086091186713081703e-07 -1.137404237587565075e-07 -2.025790791548635357e-07
1.234866936903017532e-07 -1.188683113275464025e-07 -2.372534738659394726e-07
3.222679433027666357e-08 -1.182518392622480086e-07 -2.402829489958914488e-07
-5.808639246640688756e-08 -1.145021831710675853e-07 -2.292245631332599010e-07
-1.416005746023353611e-07 -1.102127818207127173e-07 -1.930355112537915670e-07
-2.073454130151660694e-07 -1.071284218025040513e-07 -1.356390923152455764e-07
-2.640445740799118902e-07 -1.053668724238226284e-07 -9.413047809907640820e-08
-3.128042912384088015e-07 -1.029980471935948381e-07 -6.554586115603549489e-08
-3.443611633240809248e-07 -9.968331873968239574e-08 -3.707961762295743410e-08
-3.658727648844260646e-07 -9.605621700349415949e-08 -2.464805740634424553e-08
-3.849985333231079625e-07 -8.721170023056939333e-08 -2.429976734531448869e-08
-3.905617534608245999e-07 -7.586399986465956384e-08 -1.118082871228424684e-08
-3.652794929469187875e-07 -6.296244786074450333e-08 2.965317663291750453e-08
-3.087621290555899389e-07 -4.949424830564838405e-08 7.193926301052944767e-08
-2.562630519742030291e-07 -3.998097440160708380e-08 7.843483623062343525e-08
-2.104224902352774637e-07 -2.953710383528239481e-08 5.334466762270158031e-08
-1.590541219018346338e-07 -1.871206719670806665e-08 2.683535307596180067e-08
-1.124221949994117009e-07 -1.303465247453406428e-08 1.152266367650183897e-08
-8.887571975482267181e-08 -1.143522678270222964e-08 4.469386639823943224e-09
9.599131154290793041e-08 -2.277862119738292301e-08 8.729082551829398223e-09
1.150589321955604684e-07 -2.814706264571018986e-08 2.075214716711233786e-08
1.508090399429966647e-07 -3.852151482735724179e-08 3.864089291410018258e-08
2.022740875775473503e-07 -5.323813005592940526e-08 3.913037588472703581e-08
2.623868882097227071e-07 -6.942785601736085194e-08 4.300262965723475646e-08
3.006260259237171092e-07 -8.425399291466934074e-08 6.881666336207946188e-08
3.429458632133481824e-07 -9.839375261417325477e-08 5.050495674975515774e-08
3.853305833899609663e-07 -1.124955464544310962e-07 -1.881593314817895201e-10
3.918092467038898621e-07 -1.275264238135116174e-07 -3.202152258661894126e-08
3.785365874323501876e-07 -1.416879336739055139e-07 -5.610823323593495269e-08
3.496108522004213217e-07 -1.500302280317200412e-07 -6.975059290760362745e-08
3.094299222922895968e-07 -1.575630816107624724e-07 -8.856594936463705689e-08
2.606532758751632454e-07 -1.686307405987474266e-07 -1.314059300824685999e-07
1.983192650260416829e-07 -1.808421600115693554e-07 -1.831547951230365371e-07
1.191108632405821787e-07 -1.875577037069484140e-07 -2.134373009666668852e-07
3.295235157641258330e-08 -1.874511957985923719e-07 -2.218417702260227696e-07
-5.613610766120774734e-08 -1.840223766645131950e-07 -2.177962099235829318e-07
-1.403961245133805103e-07 -1.783847014104248047e-07 -1.869457918983964642e-07
-2.060678429437526470e-07 -1.713969544878579976e-07 -1.288886319592945070e-07
-2.585927552600984364e-07 -1.647057133618981193e-07 -7.947165061494325895e-08
-3.043550976393748354e-07 -1.573347115839730312e-07 -4.746980827671490976e-08
-3.356313742359471185e-07 -1.506949039943209183e-07 -2.104768612667671882e-08
-3.541338805531510559e-07 -1.479698337396898885e-07 -6.506974625627460072e-09
-3.678979725136155346e-07 -1.411713394934862915e-07 -2.249894972727142499e-09
-3.689382478025461025e-07 -1.210972948857348059e-07 1.735409958032975396e-08
-3.426960047145970446e-07 -9.151791383931785491e-08 6.102486935966673974e-08
-2.970624103180765369e-07 -7.077708631927922936e-08 9.392229151128091465e-08
-2.528645833241499840e-07 -6.195415644071421719e-08 8.650517829448295839e-08
-2.080280960354954112e-07 -4.898500776909206958e-08 5.721164823080537737e-08
-1.567311071557409768e-07 -3.507172268322565789e-08 3.177265245432956449e-08
-1.114823011069586076e-07 -2.561219858259405040e-08 1.562367482524789855e-08
-9.056357068577258278e-08 -2.090544033314262971e-08 7.902480934227411571e-09
9.438517626093488951e-08 -3.035138807723297652e-08 9.737092789023905109e-09
1.139052644662897230e-07 -3.879245606039459461e-08 1.768208221221959393e-08
1.499372010120156280e-07 -5.205293664505828749e-08 3.364210639063469279e-08
1.997605307505148402e-07 -6.904231776882663568e-08 4.529419281933758059e-08
2.545776697924350650e-07 -8.946618676464549515e-08 5.108395684810704648e-08
2.909168646024087402e-07 -1.102228546859489133e-07 6.573833566880468205e-08
3.301597761042051376e-07 -1.285790701492196952e-07 5.714470261275486134e-08
3.682916546449480274e-07 -1.485912843932075517e-07 2.023814839555674967e-08
3.779132100056306760e-07 -1.710742683414610898e-07 -1.363863492328573973e-08
3.714347791104826989e-07 -1.916653515328571167e-07 -5.291524226965940274e-08
3.467049600991802993e-07 -2.063233350041660636e-07 -8.719767866383337349e-08
3.025650843703810349e-07 -2.172834426616017810e-07 -1.026408542935403520e-07
2.477622589398947325e-07 -2.287353474722238902e-07 -1.217128949969341004e-07
1.845243325124010192e-07 -2.406989922509404202e-07 -1.527925926248330303e-07
1.110924706183509631e-07 -2.475818498231845572e-07 -1.752494213142870504e-07
3.150036336150393829e-08 -2.482181787932735033e-07 -1.878429447344712471e-07
-5.438842116004957091e-08 -2.446981532116623477e-07 -1.915624695233193340e-07
-1.372842378840511323e-07 -2.370472356030135255e-07 -1.697121498334006558e-07
-2.020255983672736807e-07 -2.261941396203566289e-07 -1.162689690231595224e-07
-2.513789742610682620e-07 -2.145996932828332485e-07 -6.219339522579534288e-08
-2.956003883245944649e-07 -2.037627732070691352e-07 -3.112427191590082703e-08
-3.279909398767017377e-07 -1.940298048490554251e-07 -1.149849057342702533e-08
-3.453636731748118770e-07 -1.875048620007079470e-07 6.168077005454773003e-09
-3.550642500553868649e-07 -1.810286904150607949e-07 1.809729384763590298e-08
-3.482138189198363807e-07 -1.598857510891551707e-07 3.993755453747817906e-08
-3.212014998795498826e-07 -1.243053511142811324e-07 7.523300243811532807e-08
-2.844513440742716482e-07 -9.714857402031789357e-08 9.743671678890479811e-08
-2.448417659135195387e-07 -8.176042990653601256e-08 8.899716388607286301e-08
-2.025468828231174113e-07 -6.545213250064181301e-08 6.150231586738650865e-08
-1.535815745707450885e-07 -4.826835616494600161e-08 3.509349679871539664e-08
-1.096135194294773822e-07 -3.557698548523533086e-08 1.850834991242583443e-08
-9.006640867454248784e-08 -2.853272676112754417e-08 9.771846182023190164e-09
9.334519344394819711e-08 -3.681106197165405346e-08 1.042523639743720417e-08
1.104043485474053047e-07 -4.762889152866395164e-08 1.659839567737869429e-08
1.467702958417044960e-07 -6.182506910306707313e-08 2.894782454530638037e-08
1.951981255205729784e-07 -7.911450618939840539e-08 4.967026234325092171e-08
2.421317577892505624e-07 -9.961842075523359491e-08 6.780282390779867553e-08
2.737401686294095784e-07 -1.259455678833882359e-07 7.803608830654192476e-08
3.119121304613697829e-07 -1.510035801524410541e-07 6.601161308523183814e-08
3.465409203931106182e-07 -1.768465389455809296e-07 3.720683476051297558e-08
3.567733855849274772e-07 -2.038699226278565482e-07 6.917653743648128826e-09
3.547612613735347038e-07 -2.290131634061556033e-07 -3.473411104248684592e-08
3.340116404527611111e-07 -2.502875491086449484e-07 -7.811700716429193606e-08
2.899622568256887906e-07 -2.661918949841705112e-07 -9.785096931238534123e-08
2.331165682790838865e-07 -2.781937521121728212e-07 -1.021369494110559674e-07
1.707343253186308320e-07 -2.880357763622676872e-07 -1.127856399987361666e-07
1.028289905889138748e-07 -2.935646187635374811e-07 -1.283085996831197260e-07
2.901038663897256876e-08 -2.941664988049091469e-07 -1.442580994752264410e-07
-5.148130137046649859e-08 -2.911907635726308177e-07 -1.544649421364842735e-07
-1.310621548150201728e-07 -2.832818562264457241e-07 -1.434460969323754379e-07
-1.951236896359182744e-07 -2.706650573039939212e-07 -1.023311529234227861e-07
-2.444021241571157909e-07 -2.568980718980812619e-07 -5.570707482494205757e-08
-2.878702381658322289e-07 -2.437769677133365116e-07 -2.724934619505976225e-08
-3.195541597312017459e-07 -2.310703905071653471e-07 -6.458916841391267591e-09
-3.340331027115250500e-07 -2.190117180952117828e-07 1.796077948767774057e-08
-3.400570200945993713e-07 -2.065920169735381713e-07 3.643390283878305387e-08
-3.271328109490744977e-07 -1.843487869497314005e-07 6.069475863871780423e-08
-2.995740690113120904e-07 -1.519794360246720652e-07 8.689527573352840468e-08
-2.697560650577087992e-07 -1.229029441383974089e-07 9.647036128893589745e-08
-2.343317119994326974e-07 -1.009181511840578599e-07 8.846371387720302510e-08
-1.951159725274897043e-07 -8.278996996391839414e-08 6.201982088237323077e-08
-1.489284654969682736e-07 -6.159621588342944032e-08 3.303527650452192656e-08
-1.074583566889106923e-07 -4.380886742148459315e-08 1.760088310291498187e-08
-8.751480345959983883e-08 -3.428209601624629014e-08 9.487470956933409291e-09
9.132168065805267642e-08 -4.312132043381006358e-08 1.066172052867560893e-08
1.067066767800946266e-07 -5.482536920018895599e-08 1.886367929417771858e-08
1.402331405484912227e-07 -6.911857103856414347e-08 3.179319578625532053e-08
1.861266485209291039e-07 -8.857306127143487573e-08 5.109853795137311381e-08
2.286993195082408857e-07 -1.094743022214660038e-07 7.798781027698212518e-08
2.524844649089237805e-07 -1.331104932157094011e-07 9.471774263500796653e-08
2.889998542937545799e-07 -1.656301057545192331e-07 7.588849274790651678e-08
3.223944502071978241e-07 -1.973838835314004279e-07 4.725999530813343650e-08
3.305338409293693033e-07 -2.263534694431650135e-07 2.426920512854043237e-08
3.309873449284660346e-07 -2.550924240843321834e-07 -1.361212357220736446e-08
3.130824076433543903e-07 -2.807835815008981449e-07 -5.485731085205135180e-08
2.717852818053653932e-07 -2.994370768832175802e-07 -7.346535182374713054e-08
2.170848652144947633e-07 -3.109967375921359455e-07 -7.006493496623233162e-08
1.586021731997039242e-07 -3.191167548520117994e-07 -7.053362201022501788e-08
9.576844586691365813e-08 -3.239574056071148954e-07 -8.283592450660209788e-08
2.635057455559651349e-08 -3.244340558335162002e-07 -9.929769805230193847e-08
-4.845512680031236342e-08 -3.221305819500354655e-07 -1.123959800290801925e-07
-1.234607305041451655e-07 -3.155913364789165160e-07 -1.091212438113010439e-07
-1.856272868822185142e-07 -3.039699397686078924e-07 -8.230545229597823966e-08
-2.351026266542747224e-07 -2.906176158132409600e-07 -5.069368190666544125e-08
-2.778937891140157060e-07 -2.761568274558337819e-07 -2.628601270379039337e-08
-3.068822237969156717e-07 -2.595989115059281096e-07 9.958954022383520050e-10
-3.172766472260885580e-07 -2.412761571349744187e-07 3.203441676605198624e-08
-3.180523527004470412e-07 -2.215637498930362337e-07 5.578896037622481560e-08
-2.997490451298576127e-07 -1.947969341691367493e-07 8.369973333253887431e-08
-2.754947960582045248e-07 -1.643051598913714251e-07 1.043080470347437514e-07
-2.539508672415929501e-07 -1.386194316898770024e-07 1.014801401868477235e-07
-2.234488033933977601e-07 -1.159853017188709291e-07 8.445546069340987571e-08
-1.871718957065059392e-07 -9.579484835887139194e-08 5.490966857673620396e-08
-1.425531481736770916e-07 -7.143309645013455609e-08 2.682835162325587521e-08
-1.038996340819332916e-07 -5.097894731080986176e-08 1.430631479619615564e-08
-8.547619507435297216e-08 -3.981472622816699366e-08 8.691762413303816817e-09
8.911142546894208577e-08 -4.680318363048727465e-08 8.429766852743294216e-09
1.044602306074709441e-07 -5.960029964709884405e-08 2.023927134374315928e-08
1.339797139601894059e-07 -7.510037456374822843e-08 3.595473573488986626e-08
1.757915073006253355e-07 -9.831832283871801929e-08 4.518324986569399460e-08
2.172449355055158935e-07 -1.228228637000170849e-07 6.353798615873554770e-08
2.357022819024529784e-07 -1.449694890858437250e-07 8.867436884010390208e-08
2.649424926657622608e-07 -1.744734375296344557e-07 7.763016014511602613e-08
2.949085044012729232e-07 -2.080640403830315701e-07 5.259240822406617783e-08
3.009117281654267332e-07 -2.388765527345613896e-07 3.568109586445390120e-08
3.015583233981046513e-07 -2.702241373907135004e-07 6.260226488582849234e-09
2.875594658735562292e-07 -2.984104854458713629e-07 -2.869898433453180384e-08
2.514652136314989160e-07 -3.175428534039583731e-07 -4.513278663338095238e-08
2.012792678799638158e-07 -3.284370787316757782e-07 -4.046298476537912792e-08
1.474537058941798400e-07 -3.359976331978447488e-07 -3.959128165913509969e-08
8.918844196572624736e-08 -3.405525923157688480e-07 -5.068060220058813658e-08
2.401027632976439862e-08 -3.405988324834313665e-07 -6.447078194960497944e-08
-4.561014888818148720e-08 -3.380118303165638616e-07 -7.579286324239892755e-08
-1.159699062670694373e-07 -3.322272489216630886e-07 -7.481437625885347864e-08
-1.741210138498173253e-07 -3.219164283380853390e-07 -5.587214873196932469e-08
-2.212735864201910822e-07 -3.092336444707198799e-07 -3.365456508929078173e-08
-2.618007666156476346e-07 -2.936228247862523296e-07 -1.356912041522438418e-08
-2.876317908042243490e-07 -2.741541853577768607e-07 1.451143025945723275e-08
-2.959461170491880464e-07 -2.527071301401293814e-07 4.538863569929593860e-08
-2.935957478504396735e-07 -2.300724541427954112e-07 6.929806371061220944e-08
-2.732211372004224503e-07 -2.026560453853456116e-07 9.542071789489561304e-08
-2.534718522325528963e-07 -1.738472725969774811e-07 1.103873061229302682e-07
-2.382019789394674598e-07 -1.486527457000129117e-07 1.025352103784211596e-07
-2.125020023350423867e-07 -1.260033927469618140e-07 8.069292823239856052e-08
-1.793769377435931135e-07 -1.050633901211243262e-07 4.917480695099932595e-08
-1.366948391863481673e-07 -7.867120452884062896e-08 2.364536250600606484e-08
-1.001650272337822872e-07 -5.723934458255283642e-08 1.307643922536293432e-08
-8.318122989189368394e-08 -4.413447372781157620e-08 7.245720646473854240e-09
8.604831761921517995e-08 -4.632911035768526434e-08 7.753395144666777227e-09
1.016121735679147486e-07 -6.160770565643774270e-08 1.873129467753675613e-08
1.291601242280659765e-07 -8.018965657117341586e-08 3.507505753693310965e-08
1.663629800637302816e-07 -1.054098308580703500e-07 4.051748336429838516e-08
2.052788174662853303e-07 -1.324291307264163250e-07 4.411542721818443302e-08
2.232195870178954177e-07 -1.555205645816274156e-07 6.604472162549026282e-08
2.413470485873399108e-07 -1.791998978867737878e-07 7.217133984729690760e-08
2.626837039951174472e-07 -2.089777414855079501e-07 5.779640774977490790e-08
2.672898091729241074e-07 -2.406594410739707217e-07 4.742684267278351413e-08
2.667070330529829377e-07 -2.713198482635592793e-07 3.195161152844340019e-08
2.582357639787898727e-07 -2.988794880051269142e-07 4.253475595937915695e-09
2.304898289551635117e-07 -3.195525611786845633e-07 -1.937220036711047237e-08
1.856229704700960770e-07 -3.326718609525909850e-07 -2.488931902437638516e-08
1.350359238759199778e-07 -3.410941404197466759e-07 -2.430714236304802516e-08
8.166908367421871606e-08 -3.458982957912636656e-07 -3.236195114389349697e-08
2.226688911565353566e-08 -3.465400372770067796e-07 -4.547732570504228501e-08
-4.175642718416566271e-08 -3.440267155304638983e-07 -5.555475032462297809e-08
-1.075708776679853971e-07 -3.370992116585331409e-07 -5.246954356932949228e-08
-1.620231083287008122e-07 -3.255333446299751276e-07 -3.114941112591416591e-08
-2.036119973758372002e-07 -3.118343358488249605e-07 -6.219497953837434012e-09
-2.382146753736074973e-07 -2.953772914364953563e-07 1.306536980099170712e-08
-2.623813244803247858e-07 -2.762940174072914064e-07 3.408330530106918842e-08
-2.716334899804880784e-07 -2.561514523075319878e-07 5.676480735913343356e-08
-2.687340181180468148e-07 -2.345930955283183139e-07 7.669451825137943186e-08
-2.487361968802582457e-07 -2.092102403862706109e-07 9.791195217684277917e-08
-2.324511836617669333e-07 -1.823486312821610200e-07 1.070553824378583403e-07
-2.208570926275631569e-07 -1.567309824167003630e-07 9.902791746283551317e-08
-2.003140826301595406e-07 -1.348250974981038912e-07 7.993767153737283769e-08
-1.692576271926729330e-07 -1.173178154959524244e-07 4.976324248672555759e-08
-1.295686948948055943e-07 -8.455300464259450855e-08 2.485720518355539604e-08
-9.743849563156510089e-08 -6.048071973438108293e-08 1.428874384979027498e-08
-8.115812853560884900e-08 -4.459020833014953174e-08 7.426165134232046915e-09
8.156572844110165509e-08 -4.429761122991361620e-08 9.775467550571638877e-09
9.666053606861177848e-08 -6.158763645821295329e-08 1.616839841255092148e-08
1.228784232693364622e-07 -8.175455851852206258e-08 3.120248012621299586e-08
1.536892472523984706e-07 -1.042314199137925107e-07 4.601633907741073027e-08
1.854067017854204468e-07 -1.333937875658563418e-07 5.116103704865159971e-08
2.053141167174319352e-07 -1.604762206612494699e-07 6.031888339704446868e-08
2.196291278236271223e-07 -1.825453941868178522e-07 6.637808800922153070e-08
2.309912839393763215e-07 -2.055313869721679964e-07 6.551080257971095700e-08
2.276731441926268822e-07 -2.298281430069645176e-07 7.370722700854881477e-08
2.252634436737769793e-07 -2.573390582556146623e-07 6.873555920150374088e-08
2.265695133485706578e-07 -2.865573642584811696e-07 3.584778442653373246e-08
2.095879795125668344e-07 -3.096026580399598644e-07 -6.974337005726012832e-10
1.696993412237276950e-07 -3.240840606524190127e-07 -1.761178304230107300e-08
1.209673415557865910e-07 -3.327387652707565900e-07 -1.805848089946959003e-08
7.167422019024517599e-08 -3.372580313299745437e-07 -2.068303730658439172e-08
1.872049475589975944e-08 -3.387325791865433907e-07 -2.903620886703553058e-08
-3.695535279298563646e-08 -3.383219161821563312e-07 -3.796566750268576497e-08
-9.658302214852226331e-08 -3.329284208989178346e-07 -4.105776311427842616e-08
-1.502277047823429221e-07 -3.218096585348668140e-07 -2.418194575625950349e-08
-1.875162009598416759e-07 -3.083389591328904193e-07 5.030448581851765828e-09
-2.154936976551657670e-07 -2.932182771912353410e-07 2.608388911982711551e-08
-2.373342641239642026e-07 -2.770130622317395392e-07 3.891047482130377346e-08
-2.485460032927581896e-07 -2.591523137450141424e-07 5.182993321555041329e-08
-2.472507365335211356e-07 -2.388005425830345374e-07 7.011649242534600059e-08
-2.262152141870085956e-07 -2.139642321296764203e-07 9.345361443708036985e-08
-2.095239198611088759e-07 -1.868325842320855346e-07 1.039880336202039876e-07
-2.013129046888302677e-07 -1.617457513395799237e-07 9.821042897226681623e-08
-1.876410576167349600e-07 -1.453750128760041015e-07 8.163744299811775778e-08
-1.541094201448722887e-07 -1.492435439577008387e-07 5.409600851943818310e-08
-1.183922694606823226e-07 -8.716190732611261141e-08 2.704252586758547064e-08
-9.379320089610663063e-08 -6.064699058158007810e-08 1.597880818755496057e-08
-7.898645425826871914e-08 -4.283509172655775575e-08 9.404383401215807429e-09
7.681002669642933706e-08 -4.334382109302527438e-08 1.091379252270410209e-08
9.079947795601116184e-08 -6.101677872627341715e-08 1.383372184331042810e-08
1.143746649583099838e-07 -8.150906967179783574e-08 2.520118270237821918e-08
1.389548986753029363e-07 -1.037132628552193299e-07 4.657569032117632513e-08
1.613582575405772348e-07 -1.286068174542912247e-07 6.387144596467181075e-08
1.785195717931800404e-07 -1.571660892697721300e-07 7.040516748883807734e-08
1.979129043426839368e-07 -1.848853525186590099e-07 6.137299171516284470e-08
2.079486423448014138e-07 -2.081888108938010885e-07 5.953231422850746712e-08
1.949378695003637987e-07 -2.262918821244223582e-07 8.577340485798471888e-08
1.869893613982493951e-07 -2.469271375466960734e-07 8.332769621416362425e-08
1.972690990601949849e-07 -2.727542976496498394e-07 3.989461383622822140e-08
1.881704431717435425e-07 -2.940982753457554171e-07 -2.541961324559593105e-09
1.535531295360072566e-07 -3.096344143101651198e-07 -2.411638828687442912e-08
1.084157807954427170e-07 -3.205597775035605493e-07 -3.562303461779572071e-08
6.029563741892132600e-08 -3.260027561266404511e-07 -4.636990763085976737e-08
1.016996406693578391e-08 -3.275891563856028483e-07 -4.743143977460993685e-08
-3.669095421131727611e-08 -3.275731035019367898e-07 -3.709549207596866481e-08
-8.517147104038423142e-08 -3.228656974491186137e-07 -3.298156538617780624e-08
-1.351697875168625024e-07 -3.125473142983374186e-07 -2.445867050420985966e-08
-1.739923680035299821e-07 -3.000722705113482203e-07 -7.852564838342854769e-10
-1.972844127894678409e-07 -2.866407906352693485e-07 2.258993412230436567e-08
-2.111141900295162607e-07 -2.714595556073063151e-07 3.706102000232786149e-08
-2.207888794339001351e-07 -2.546648620756995331e-07 4.551365142080358364e-08
-2.216284895424744207e-07 -2.348380479357767876e-07 6.313186652973161538e-08
-1.994010321735162182e-07 -2.086662042281063923e-07 9.082516160766799694e-08
-1.847555844655942017e-07 -1.825575449156281630e-07 1.042993638048325677e-07
-1.854346180254608143e-07 -1.635853736522870183e-07 9.825784149016401475e-08
-1.783907294112961394e-07 -1.664267263429631877e-07 8.142526593777702749e-08
-1.048457807531763438e-07 -8.568470090015377114e-08 2.743143562298183935e-08
-8.788316270146249911e-08 -6.014318474059786128e-08 1.684318384682729968e-08
-7.496737633515420796e-08 -4.172680991353846274e-08 1.068220894434651390e-08
7.227228545021934786e-08 -4.483260748635985866e-08 9.733494892731414207e-09
8.507425337092437254e-08 -6.224089565183115811e-08 1.243709977542203491e-08
1.049177662699985928e-07 -8.289898423572710025e-08 2.143397439500279711e-08
1.250846094150336198e-07 -1.066420462493474723e-07 3.826607806019499698e-08
1.426678627119998479e-07 -1.324089195391218881e-07 5.566983568147710049e-08
1.542539072279938529e-07 -1.590568492842105774e-07 6.248911783426829192e-08
1.760145854788646321e-07 -1.877801236665821342e-07 4.441299168582149669e-08
1.925921207358271763e-07 -2.128406421593849637e-07 2.536492842669685672e-08
1.809994877262888884e-07 -2.312737554301746239e-07 4.496109813221840815e-08
1.685801475799550899e-07 -2.461625614799293454e-07 5.000717968841931104e-08
1.726052641098855917e-07 -2.611355944034948642e-07 1.625677501668105890e-08
1.628303132214769143e-07 -2.734279570669312013e-07 -1.862363317776978648e-08
1.361241800265572884e-07 -2.870891667218666279e-07 -4.552907982013898178e-08
9.876690626141773048e-08 -3.017169546687251463e-07 -7.604872612936192260e-08
4.665128520734916579e-08 -3.071868757442234560e-07 -9.466017596913074959e-08
-4.557344944928611734e-09 -3.053013021174578195e-07 -7.996191089202359463e-08
-4.309098516352224201e-08 -3.036268787622661553e-07 -4.807596175669019714e-08
-8.023759527900876855e-08 -3.005557214465946028e-07 -2.838810591422147291e-08
-1.170260361532889323e-07 -2.931684831178958956e-07 -1.260946306140138457e-08
-1.484698961984950759e-07 -2.805579285697856370e-07 1.069344089495758486e-08
-1.724031205307168812e-07 -2.674517020060197135e-07 3.152226456888046374e-08
-1.851292836935618108e-07 -2.548277943434714939e-07 4.405579060887631996e-08
-1.879861902398966723e-07 -2.382252872089783669e-07 4.947252861711049664e-08
-1.844566376746953346e-07 -2.183320761162311153e-07 6.335013703803937829e-08
-1.653503798820082413e-07 -1.926287026175787114e-07 8.879611068296666081e-08
-1.644716269794851157e-07 -1.714926496334149534e-07 1.003381114182929940e-07
-1.841477455904391030e-07 -1.604229015842966328e-07 9.131346079637563184e-08
-9.308557581199716056e-08 -8.360968416823363156e-08 2.406758591243604463e-08
-8.112508281809601198e-08 -6.085064229330621976e-08 1.594377660592358789e-08
-6.967790262225487320e-08 -4.242982516921209338e-08 1.016903296410567410e-08
6.697819374358422240e-08 -4.766019308657395037e-08 7.202637848829174227e-09
7.894193472091271120e-08 -6.421744413130381270e-08 1.052003868740842179e-08
9.498210566042106078e-08 -8.429475054540846649e-08 2.118921439668587858e-08
1.107387588952046561e-07 -1.077911425328564374e-07 3.400786554601909256e-08
1.268131609755290465e-07 -1.335037774977767924e-07 3.927927004492243595e-08
1.371589252330097476e-07 -1.582073872549066604e-07 3.871870738665031095e-08
1.546059695039196152e-07 -1.834958000476812646e-07 2.043365917955306480e-08
1.727488166663981435e-07 -2.074390254404253360e-07 -7.000756765030088788e-09
1.685246012925327715e-07 -2.236559091253115516e-07 -5.099710490953480207e-09
1.590145010416725532e-07 -2.343456758289109538e-07 6.578461457364022650e-09
1.525530274846564185e-07 -2.418185351211551032e-07 -8.597608224846562858e-09
1.419651280907677086e-07 -2.446701747933035587e-07 -3.800257989016724084e-08
1.168026576446201741e-07 -2.548073215817265710e-07 -6.474119455065173773e-08
8.113373861337156965e-08 -2.773588282624163926e-07 -9.110754419676640002e-08
2.561565635946813232e-08 -2.865046646997335032e-07 -9.679742349984196630e-08
-1.404426983943719546e-08 -2.778215217788952817e-07 -6.437238131392667063e-08
-4.330348180986551063e-08 -2.670950014415100218e-07 -3.506637006600218033e-08
-8.494733178444270084e-08 -2.594992269093976661e-07 -2.465825020165493548e-08
-1.070119946590516105e-07 -2.578827888021380627e-07 3.975925669374612047e-09
-1.037062735733117093e-07 -2.467390792682795199e-07 4.541780612705434104e-08
-1.256501128179963926e-07 -2.320318159984275532e-07 6.934712298911930760e-08
-1.587399122615891875e-07 -2.311640542621840423e-07 5.763473861301473302e-08
-1.603280879816518433e-07 -2.218225700719989279e-07 4.302714893586819404e-08
-1.481001041457772714e-07 -2.018823409867458934e-07 5.145547949631132918e-08
-1.351227801445778909e-07 -1.797581690025249440e-07 7.428891492548076147e-08
-1.508902016672397596e-07 -1.585333824415864825e-07 7.985448597521433132e-08
-1.743931352352984259e-07 -1.420081716855271586e-07 7.265759813033581709e-08
-8.435427777405399253e-08 -8.145355644140870800e-08 1.832598195053606415e-08
-7.478602089923471284e-08 -6.191318214806569199e-08 1.425169469517252378e-08
-6.454109461889300611e-08 -4.365545736650290390e-08 8.725834624806081229e-09
6.060865291804374779e-08 -5.469581439552653705e-08 6.468869943795400738e-09
7.184331535763869261e-08 -6.560527888214403797e-08 8.543493593453521554e-09
8.430742505657670044e-08 -8.472586650617936268e-08 1.852920710435921026e-08
9.567266971993275790e-08 -1.051616056936961168e-07 3.058134428040275778e-08
1.085065783740995636e-07 -1.273545091393753111e-07 3.122271359647736443e-08
1.168640698111761159e-07 -1.474231354004488508e-07 2.890293024553715801e-08
1.240270922027040823e-07 -1.675592686391847116e-07 1.830979542687681282e-08
1.346975751849996452e-07 -1.892986021504116824e-07 -1.924025151033087920e-09
1.387546804350719399e-07 -2.031018328754107088e-07 -1.163919329806909867e-08
1.389776148138629433e-07 -2.073541698144970314e-07 -9.288936621079128885e-09
1.342036274895139974e-07 -2.100266721963338528e-07 -1.907488378818867787e-08
1.319109349134562598e-07 -2.145601192349428704e-07 -5.667217358172961374e-08
9.983957424550605688e-08 -2.267848963542471470e-07 -9.212465395027718237e-08
5.085665728776376369e-08 -2.487796716692071209e-07 -9.439589552307375829e-08
1.069330415879290877e-08 -2.585913646006918502e-07 -7.734606703019298048e-08
-1.786714093801557059e-08 -2.573147746044562892e-07 -5.127344854650468064e-08
-5.062715599717432860e-08 -2.477697217457419365e-07 -3.464691432320339884e-08
-8.427760168010917404e-08 -2.273946676536557377e-07 -2.692662422824583513e-08
-9.281382261624978398e-08 -2.194543588018556005e-07 6.080106496783800729e-09
-6.674047766094476910e-08 -2.133840665406220886e-07 5.226161968855339653e-08
-9.321594314127118316e-08 -2.061812207971654334e-07 8.120910595204592800e-08
-1.381692173954460310e-07 -2.212702182608082658e-07 3.796116230177021486e-08
-1.313675149336725587e-07 -2.124815707911559952e-07 1.829895241026299727e-08
-1.086303291584308586e-07 -1.861288371312936567e-07 3.655065292526057164e-08
-1.020631155400213282e-07 -1.698800986546286403e-07 6.009534577158887796e-08
-1.315463486606591734e-07 -1.472311206228701133e-07 4.960318872220055137e-08
-1.402827500713575819e-07 -1.280058856912452923e-07 4.100361107846211064e-08
-1.323056507018976051e-07 -1.019061669554641820e-07 4.052520581318172194e-08
-7.776033910125747009e-08 -7.997945916989654683e-08 1.207960135759685565e-08
-6.762251349901616282e-08 -6.323660680004997441e-08 1.128855259886855823e-08
-5.858004399302273145e-08 -4.489648579915819466e-08 7.253651648159107663e-09
6.335793352087919102e-08 -6.208856377789685811e-08 9.244887184844601800e-09
7.235553250877388596e-08 -8.002706640844579250e-08 1.522120739893695484e-08
8.077037403822450058e-08 -9.737865492140458760e-08 2.262706643007634932e-08
9.126331945708267587e-08 -1.133604658925804863e-07 2.308578135286215875e-08
9.549561895488345636e-08 -1.251817493199864472e-07 2.351921121806249935e-08
8.965942152479141298e-08 -1.405663484205744714e-07 2.134709112863666865e-08
8.831390694896781277e-08 -1.564320120153353971e-07 8.748384615697011252e-09
9.807366809553876053e-08 -1.715739027352513726e-07 -7.164922638112122670e-09
1.136319885335868211e-07 -1.792156313151520213e-07 -1.761265621583404006e-08
1.194845460897284849e-07 -1.727181379505517480e-07 -2.223276640676166180e-08
1.096617172812870673e-07 -1.820510874668053544e-07 -4.868022226911977232e-08
7.983466448437218963e-08 -2.160048614155053217e-07 -9.341402424971885175e-08
2.618525442910197841e-08 -2.149154362533600573e-07 -1.064449805138707535e-07
-4.294744987774183217e-09 -1.899096326284182696e-07 -9.590390393740929994e-08
-5.071511064420887962e-08 -1.972136267646867350e-07 -7.353989709622542336e-08
-6.373632831893721440e-08 -2.155571288352918169e-07 -2.995805711967856654e-08
-4.268700029505933832e-08 -2.038608674674124164e-07 3.164322151221435935e-09
-2.941678494421158007e-08 -1.789851427322078870e-07 2.856782244708974891e-08
-2.911546949942458546e-08 -1.614784790938213949e-07 6.792633784338877374e-08
-8.469130222487501593e-08 -1.700148957054867739e-07 8.187783660869332203e-08
-1.159779792868527083e-07 -1.941910003964908766e-07 1.701382164066780416e-08
-1.072040136747597261e-07 -1.945177199813727515e-07 3.794060865702086971e-09
-7.933975818810807440e-08 -1.692037218337337405e-07 2.639735378557870326e-08
-7.076763878371220441e-08 -1.546134262359608199e-07 4.762439673742191814e-08
-1.011984664035152599e-07 -1.377899682844297012e-07 3.378657254890415637e-08
-1.081473631404956630e-07 -1.211364030415744017e-07 2.171658343572142225e-08
-1.017329360184816580e-07 -1.070236373601099027e-07 2.251657974034908851e-08
-8.963838857121748941e-08 -8.736286584632574041e-08 1.412546006397370039e-08
-7.223558637464410805e-08 -7.874349360500434106e-08 1.086662170297373165e-08
-5.944371266379773128e-08 -6.267836958673853373e-08 9.048806520214444619e-09
-5.139818177659672761e-08 -4.436256072433020302e-08 5.794934361467963053e-09
5.192798918607834189e-08 -5.392603538495076295e-08 8.928886704468888288e-09
5.739954167398784877e-08 -6.895317846245282386e-08 1.252052900546449624e-08
6.385985966350856401e-08 -8.227093854965048847e-08 1.613863445120912620e-08
7.191400147176421966e-08 -9.117400967730502716e-08 1.759936486238510297e-08
7.237463073745822980e-08 -9.886592686488866937e-08 1.899558066957656558e-08
6.629706216082704691e-08 -1.140633414787603197e-07 1.725422858205213973e-08
6.122249743889662673e-08 -1.257580384168267521e-07 1.081278718018171596e-08
6.689167763309213878e-08 -1.359991030309389658e-07 3.252220630722968551e-09
8.522467528641104501e-08 -1.430132775959113528e-07 -4.607024138724435296e-09
9.718681336172059463e-08 -1.374216440336979918e-07 -6.603572758856119298e-09
7.243261107122702955e-08 -1.446416927578105202e-07 4.646878545883096591e-10
4.073340253382172361e-08 -1.697073333180417762e-07 -1.683582892619905933e-08
4.636214817711042296e-08 -1.544005669957923357e-07 -5.547125177758789044e-08
1.845709505429943580e-08 -9.459403253883871583e-08 -9.361400038629634413e-08
-8.326695059321944954e-08 -1.100908906703555073e-07 -5.221113059603833632e-08
-5.465012307899064562e-08 -1.477243725025867140e-07 -2.892929826915260404e-09
-1.846542013560809397e-08 -1.425339537464365476e-07 1.783812594708936014e-08
-1.495399445546791712e-08 -1.380158068041934826e-07 3.463089448730033112e-08
-1.216821582006354647e-08 -1.328882585978855128e-07 5.752185869868753251e-08
-3.888933130446395603e-08 -1.234275748698194587e-07 9.175395640242298564e-08
-8.775289362785500688e-08 -1.352846633271896950e-07 5.480501298085324465e-08
-8.283964116961519846e-08 -1.414134795431885054e-07 4.202707318021791269e-09
-8.047900861559492374e-08 -1.412187385937959749e-07 6.228614221262894528e-09
-6.758481542220315891e-08 -1.340628127430229994e-07 2.183942322802202748e-08
-7.401963869068143259e-08 -1.232852893931405996e-07 2.189708065923089313e-08
-7.670386105609647268e-08 -1.073192186205029783e-07 1.886543847724974027e-08
-7.292578602723419237e-08 -9.613064019779458772e-08 1.791777148647470064e-08
-6.766204678618692652e-08 -8.577348145254565027e-08 1.498582402778273639e-08
-5.828330769348045390e-08 -7.388677759444678621e-08 1.266709561057546532e-08
-4.866025560299948500e-08 -5.903642312412597417e-08 8.855043305287632410e-09
-4.239255753704632670e-08 -4.266166721652090275e-08 5.406999128354408641e-09
3.404289415317559370e-08 -3.291878869661642992e-08 4.587879974084549780e-09
3.748649424640901228e-08 -4.742179571247945101e-08 6.821990989133698292e-09
4.096710014796241939e-08 -5.894635922806805061e-08 8.843445232418084831e-09
4.548632041193655111e-08 -6.901067871723732910e-08 9.670763686961036355e-09
5.085809727003152842e-08 -7.448242054076710834e-08 1.159767674428438319e-08
5.053931588193659217e-08 -8.091769527744372522e-08 1.590426064150250844e-08
5.045966292845659790e-08 -9.512373352314492191e-08 1.029661826314542465e-08
5.015234930565424787e-08 -1.036668985124081197e-07 1.810029054096269025e-09
5.571517251020144976e-08 -1.048486068053064514e-07 5.668018850069982873e-09
6.654646292514554560e-08 -1.033555148789652289e-07 1.448817592471091925e-08
6.439908034076264393e-08 -1.076240846123614485e-07 2.341348760567605301e-08
4.683823140865012205e-08 -1.151625225058997022e-07 2.897617732373127192e-08
4.817273271263575606e-08 -1.042820455132427777e-07 1.449049953181060006e-08
6.637337702875401493e-08 -6.564627220845558754e-08 -1.264168842026936599e-08
2.242277450998529845e-08 -2.730697802851141409e-08 -9.000773991652675349e-09
-2.718135029351756868e-08 -5.252304020112105088e-08 2.306414157626564653e-08
-5.762990388220387883e-08 -8.146906085953873267e-08 7.905401985642240057e-09
-7.066649810922005347e-08 -1.070237363697403647e-07 -1.944820325714029182e-08
-5.461945113167540334e-08 -1.347946784690088466e-07 -2.083533317936858156e-08
-5.169061142689622229e-08 -1.428014201006159974e-07 8.487884700622915914e-09
-6.042293591789539302e-08 -1.193868984778808840e-07 5.324889557195333857e-08
-1.694496082886277269e-07 -1.180772426729019490e-07 5.331673458226112997e-08
