4.359467210029567800e-08 6.051183516999680250e-08 8.437068101945422836e-09
3.989938459395314327e-08 6.829423687093074944e-08 7.774646045374505909e-09
1.472072625750610606e-08 7.701446219199998794e-08 8.936609101670225246e-09
1.251285316924619292e-07 1.117662895568150404e-07 -1.983336934606576764e-08
2.164329346621702468e-09 8.904636783249644239e-08 1.138590113952458896e-08
3.342830138437214625e-09 9.161270486309738978e-08 3.017257099482233954e-08
-5.053814914692502824e-08 9.839151554599948866e-08 3.416497487654177538e-08
-5.243822219512709635e-08 8.962778780074125520e-08 4.587005850120640347e-09
-5.207334744944145943e-08 8.353445173449820817e-08 -3.207747557509078451e-09
-5.142139136443158111e-08 8.006854757800239080e-08 6.658403125623602206e-09
-4.252239437639805742e-08 7.419074387131754055e-08 8.024320662822709069e-09
-4.494797408685145452e-08 6.735227847251882100e-08 7.334908536248662268e-09
-3.993137450419605956e-08 5.672491349947627285e-08 7.082337309950600752e-09
-3.596040376510236044e-08 4.463734980642584367e-08 5.468205164141098200e-09
4.168733664296673168e-08 3.752463813408480991e-08 5.284184106680327491e-09
6.311663035164544002e-08 7.890904387071617956e-08 1.208690679319592930e-08
6.650852005213000353e-08 9.303043064202704996e-08 1.651613495997071231e-08
6.848934180836460104e-08 1.024771819221970957e-07 2.216256234722227121e-08
6.785568843421039899e-08 1.098358390007901791e-07 2.405910074685162032e-08
6.759472783959673229e-08 1.172712032675318097e-07 2.349880962721632636e-08
6.956576145434394221e-08 1.282869804529629879e-07 2.827258418858400518e-08
6.891008504373130879e-08 1.378106298518766190e-07 3.020724583633634631e-08
6.484445447920997579e-08 1.427155932394862821e-07 3.230579192752271740e-08
6.245501714450062577e-08 1.507633588391885616e-07 1.504575480757506771e-08
7.351584104939569273e-08 1.669121857806759515e-07 -3.030557605770642640e-08
1.859073726609401374e-08 1.699409103557180943e-07 -6.834547560875116750e-08
-1.576964892848433878e-08 1.508746242456845189e-07 -3.051583290781802287e-08
1.256353387006084742e-08 1.410292700543804534e-07 2.029202727800462670e-08
-8.170867197866271923e-08 1.159664663808291139e-07 1.035046710480937999e-07
1.387129651614796166e-07 1.656987136660300779e-07 9.432616822413706185e-08
-8.368491101435924598e-09 1.481200806959646786e-07 3.256381377850246576e-08
-3.639459622919148471e-08 1.389893757555247604e-07 -2.261440581090413987e-08
-7.303258442864234907e-08 1.248973222820486969e-07 -2.280727125626542491e-08
-8.106882969575083590e-08 1.226487558482289180e-07 1.597698625192919147e-08
-7.626560949631871778e-08 1.266913574918984798e-07 4.327092254995106907e-08
-7.766471002144619378e-08 1.329861507432596441e-07 4.039818007429022899e-08
-8.346622695299316939e-08 1.282681647968378081e-07 1.415499820329467307e-08
-7.972941187219874024e-08 1.179286068845221592e-07 6.813807664439436560e-09
-7.564337980447812729e-08 1.073711862969220284e-07 1.504155349584802141e-08
-7.188414825798924664e-08 9.538535512556906844e-08 1.047549205666511368e-08
-6.862170626652669523e-08 8.185811669521482632e-08 6.556749295317198939e-09
-5.783145953375473550e-08 6.446041751060821606e-08 7.391449636168046313e-09
-4.859904580314979325e-08 4.769777448161629861e-08 6.268371408951708437e-09
-3.934264753071974304e-08 3.457602978732645245e-08 3.962602473441921677e-09
6.388486272606037174e-08 7.099475662173132505e-08 7.819819095879484267e-09
7.709238498608611406e-08 9.059338363376685512e-08 1.334052384476423928e-08
8.434621583454059308e-08 1.075882240886287653e-07 2.370412032495639179e-08
8.627969284505635295e-08 1.238776679873266460e-07 3.029903999184733936e-08
9.437731511537770929e-08 1.363795836685475977e-07 2.705996897173841367e-08
1.009649817216250757e-07 1.467211167631660492e-07 1.539624242526238926e-08
9.569242289795135651e-08 1.594349471890675386e-07 2.312996833562866495e-08
7.545382275842035531e-08 1.700732714631592507e-07 3.439146555361105900e-08
8.674485661264349287e-08 1.729093747178645092e-07 2.533320830675073463e-08
1.059558671570498808e-07 1.777808933643657852e-07 -6.367438747658608305e-09
9.602222551452650444e-08 2.047239085175720290e-07 -4.116117483634959498e-08
4.391908370506878374e-08 2.291097307535556268e-07 -4.126709246282928880e-08
2.971982080778766382e-08 2.096094935565582672e-07 -4.375843491574039520e-08
2.258669229334405005e-08 1.746104601563330868e-07 -4.223278386205207758e-08
3.139356752513416996e-08 1.805882177782478585e-07 1.031819586536991629e-08
3.104117310519366895e-08 1.939334275593911006e-07 9.215630218741059748e-08
-3.606202275113260752e-08 1.848332157668827827e-07 8.895483101449727382e-08
-5.285215191841997833e-08 1.874882474869423408e-07 6.725534574216549374e-09
-7.945110827310304545e-08 1.850937609332032559e-07 -2.742236663626686711e-08
-1.156471797458553289e-07 1.754814922768154687e-07 -9.633152101133313354e-09
-1.209847453528457579e-07 1.719502569146584729e-07 1.451629168637657959e-08
-1.114119433637552257e-07 1.701971081164244867e-07 3.385052099116218993e-08
-1.021101565085670809e-07 1.649496378051056218e-07 3.265459315555815949e-08
-1.038384813313853527e-07 1.553208803725694599e-07 2.212785564625715579e-08
-1.002346508732164544e-07 1.426395448357826546e-07 2.228444369436008113e-08
-9.840210655201585571e-08 1.279789926599530764e-07 2.590757482808261593e-08
-9.497330978443773727e-08 1.110709230753394789e-07 1.789332024205472226e-08
-8.820266505459569540e-08 9.141048781676654332e-08 1.232581522946041932e-08
-7.652732248336367687e-08 7.136141053831176976e-08 1.130564409033922147e-08
-5.980269314122575793e-08 4.076084972380348887e-08 1.029543927676497135e-08
-4.622891098815045044e-08 2.579080370152111674e-08 6.384742285294062463e-09
7.692657778830562389e-08 7.010516539858054603e-08 8.487316805437366109e-09
8.917146601814085950e-08 9.031871245363195300e-08 1.658223909878901847e-08
1.006129250634868482e-07 1.113688549150496625e-07 2.419145817014882369e-08
1.086181728098293036e-07 1.335078514613534575e-07 2.779084531863881689e-08
1.156814328871958556e-07 1.531751751132764619e-07 2.108749053460115827e-08
1.265583024221273374e-07 1.724722692208273993e-07 4.234575533357750493e-09
1.268602188550552053e-07 1.853027010022066026e-07 4.580216731613279963e-10
1.148735694946806863e-07 1.940296365515519366e-07 1.336817411458595556e-08
1.178271919082937365e-07 2.035362192156139347e-07 2.319309872662071822e-08
1.180620748381107579e-07 2.051318624401983532e-07 1.777098327581357018e-08
1.120421875635496364e-07 2.181674185793910814e-07 -1.697099932953532709e-09
8.652821254619726517e-08 2.429843142983784214e-07 -1.899396467446416840e-08
4.554929783085594656e-08 2.432341368125738567e-07 -4.245681265827329665e-08
3.121910398312260041e-08 2.316393756604392496e-07 -6.085138928936855870e-08
1.904095267154188803e-08 2.317907154466749757e-07 -3.323614903663028240e-08
-6.167004615656885307e-10 2.294683283835638080e-07 1.109975739629810592e-08
-5.112611271847295995e-08 2.248801733617322806e-07 -9.349807841964944685e-09
-8.774141076618814865e-08 2.312092396946491088e-07 -4.466012118048035384e-08
-9.989899281827519683e-08 2.238957351878173536e-07 -2.230626940910283267e-08
-1.343158196210491379e-07 2.128071019703385014e-07 -1.198245033198615178e-08
-1.626335116159915276e-07 2.152000644580524043e-07 -4.979969603209653505e-09
-1.340521216311984210e-07 2.111640809000195398e-07 2.829434038159258217e-08
-1.132675107486998748e-07 1.893622584673356135e-07 4.180453073373277321e-08
-1.206390832546494532e-07 1.717882481593318496e-07 3.961752576644123839e-08
-1.209917705979564391e-07 1.511565306416448719e-07 4.224400218455597713e-08
-1.243260396477226870e-07 1.350979042430469777e-07 4.547218117713671132e-08
-1.178760853293042614e-07 1.108295847717566331e-07 3.235113111558060535e-08
-1.040259197317271779e-07 8.817598862659195211e-08 2.383933970387398461e-08
-8.939871250580390418e-08 6.927508953901952266e-08 2.030139503184162396e-08
8.480552470893972886e-08 6.853706179852107722e-08 1.198041519404482443e-08
9.981646247302695919e-08 8.193252904097379799e-08 2.185003545241571083e-08
1.168096759363206067e-07 1.117903775679833574e-07 2.884683112475528657e-08
1.257390740352376714e-07 1.354341627271030336e-07 3.170779035376144529e-08
1.427624954960593006e-07 1.622164442815435847e-07 2.943019650029018581e-08
1.546110904459178641e-07 1.883527635264333124e-07 1.383074687631714768e-08
1.570655463152340374e-07 2.081850663502134571e-07 4.724636058043719256e-09
1.497783785120967185e-07 2.219833017873517899e-07 4.962406016033228988e-09
1.437406600815132634e-07 2.346699721636987262e-07 1.104664554352721899e-08
1.407162963046633674e-07 2.401618141115059223e-07 1.067296401090240338e-08
1.443205478904293141e-07 2.501774774011037575e-07 -4.760890784739462683e-09
1.116764322094267975e-07 2.489706048762353669e-07 -3.079469116437401225e-08
6.694052692462191113e-08 2.671099586271356974e-07 -5.501013845357856486e-08
3.468222069880437496e-08 2.921273970761032535e-07 -7.537639615147623201e-08
7.931600746562088918e-09 2.887261411244617468e-07 -7.554456638519788741e-08
-1.705486667174332007e-08 2.597142737106073622e-07 -6.954305418590881630e-08
-7.326150379925244891e-08 2.573279219177269699e-07 -7.041852592543458246e-08
-1.112864861824266877e-07 2.636553928079856085e-07 -4.962450600598089040e-08
-1.210570471348900317e-07 2.676041704744929544e-07 -1.055812905456497977e-08
-1.491145135719597412e-07 2.540815408180343349e-07 1.322126359045600272e-08
-1.671442294694504231e-07 2.445880329530613054e-07 2.616985435028443546e-08
-1.562102778193403096e-07 2.332705401819924374e-07 4.719459316662052542e-08
-1.529894981000111133e-07 2.017920848857601919e-07 5.429135510808036206e-08
-1.611683632831408508e-07 1.798938843652743414e-07 4.390787253539243051e-08
-1.527756091086044490e-07 1.638386581671353160e-07 5.068171257981703907e-08
-1.506462906391775513e-07 1.316075073037639958e-07 6.181829540960962478e-08
-1.461498582502948043e-07 8.567530613930717059e-08 4.744703131137450072e-08
-1.191355580529255569e-07 6.081451844721178770e-08 2.993572558140643176e-08
-9.786410114371698457e-08 6.046427298205924891e-08 2.353492206019091588e-08
9.057352523849424787e-08 6.767724763794537929e-08 1.435711413638018661e-08
1.093925282098361212e-07 8.592250981080446153e-08 2.426581111736225442e-08
1.291417769032402676e-07 1.101199661167462915e-07 3.890937203801006816e-08
1.412661151482625653e-07 1.336652086653581307e-07 5.104260620749346828e-08
1.496956636284864967e-07 1.517467936042507580e-07 5.049489962170575291e-08
1.749467789234895029e-07 1.783643666271775246e-07 4.501020107442771827e-08
1.776742177461580727e-07 2.066217828283871437e-07 4.361981285005747936e-08
1.727239585547403648e-07 2.303583083295151487e-07 3.636883743519505018e-08
1.814098556033897016e-07 2.468397163955544677e-07 1.184765489647587852e-08
1.915004882351232809e-07 2.656365038106103274e-07 -1.478400114798894999e-08
1.624672820984515779e-07 2.624059297356350729e-07 -2.004447157076262177e-08
1.227265433934946822e-07 2.773430990464921421e-07 -1.810252401321274172e-08
8.949004506393883168e-08 3.020416808441389827e-07 -4.823743903263657127e-08
4.804376755497720973e-08 3.148513867092741445e-07 -8.292083419707660004e-08
1.505960320016468563e-09 3.027916533242083070e-07 -8.673747880231151800e-08
-2.407371309574249865e-08 2.956507383420191001e-07 -8.623384991834897687e-08
-8.933168811966488595e-08 2.968879916408604941e-07 -8.818435105736256021e-08
-1.305532801809851074e-07 3.043153304437693109e-07 -6.238504518377483934e-08
-1.491801449139198926e-07 2.890343032682458383e-07 -2.225570707438799860e-08
-1.666620300705636050e-07 2.741574903006592301e-07 1.735806350103207429e-08
-1.428779282029920753e-07 2.589372117032512838e-07 3.432521427864553687e-08
-1.806688616969889355e-07 2.453359934098873645e-07 6.553456424137817580e-08
-1.923038080088200922e-07 2.239255171202454699e-07 6.872412467495939548e-08
-2.016894700417715998e-07 1.923299883691688133e-07 6.376069552337166879e-08
-1.836897495316627172e-07 1.783005449747596028e-07 7.148545563562731834e-08
-1.834419293148685001e-07 1.333542502069395701e-07 8.096762439095703013e-08
-1.044621313779594399e-07 3.629748529378593623e-08 2.428104831257928102e-08
7.355488986020069007e-08 7.320823722780178423e-08 1.089845194520741845e-08
9.440799109712361793e-08 6.508312633790303702e-08 1.628356355719866280e-08
1.182709494892256511e-07 8.491764728750001205e-08 2.469505501181796724e-08
1.445475682474154383e-07 1.099279703960359195e-07 4.401196614388673055e-08
1.543220511047110303e-07 1.334560854017800379e-07 6.460829556048341178e-08
1.650171342664379037e-07 1.611187564326217767e-07 7.208724861292676708e-08
1.843510437692546015e-07 1.826556596971294751e-07 6.985765338496121585e-08
1.872162718929326608e-07 2.086214220058150612e-07 6.710663917109138501e-08
1.978701641906247618e-07 2.350014703933785769e-07 6.162711588030317733e-08
2.134877019074926102e-07 2.484629023187677551e-07 3.638118569066042411e-08
2.137968025489661444e-07 2.603970869159429354e-07 6.839454774060849599e-09
1.817719717714715157e-07 2.685423521136768010e-07 3.376781302629345775e-09
1.523549007451555546e-07 2.787125257585784478e-07 -1.945096701579513391e-09
1.229850040240975054e-07 2.988497074089381385e-07 -3.831767686342782782e-08
7.318768115917129563e-08 3.159132827768208197e-07 -6.646349827115279346e-08
1.619629189949755095e-08 3.233166059141825751e-07 -6.114839142974212766e-08
-2.478514298472615549e-08 3.149581881489033636e-07 -6.287691281454375404e-08
-9.163033676897479326e-08 3.227357681332215448e-07 -8.622535905513653582e-08
-1.465461257460528533e-07 3.154104776241629880e-07 -8.693704315963228254e-08
-1.726140768821539218e-07 2.990452006547581354e-07 -4.905749987828216062e-08
-2.008130630586493585e-07 2.818835312519680331e-07 3.598832123342624865e-09
-2.075834185392061072e-07 2.707004002751839883e-07 4.023289878988321170e-08
-2.168508027386862999e-07 2.438096324212499186e-07 6.531478352597510742e-08
-2.205694692719152333e-07 2.184350295959079901e-07 7.632514863212525440e-08
-2.244711807145019271e-07 1.965472389695840657e-07 8.167249372050824120e-08
-2.045770288529278086e-07 1.704449125809070937e-07 9.089019932803487904e-08
-2.144917834688081123e-07 1.427935432485168839e-07 9.964581923162536440e-08
7.691449774738715687e-08 5.395388690784114936e-08 1.090016243528747743e-08
9.824023534450287493e-08 6.414151962734095824e-08 1.693866997199588741e-08
1.260469381301161758e-07 8.449365504445995998e-08 2.692982056122174243e-08
1.588541330912601572e-07 1.054273395391070304e-07 4.469235401595510414e-08
1.760168732767337600e-07 1.303954316229739912e-07 6.553881260702426415e-08
1.799914116516061100e-07 1.591081298501105513e-07 8.003369611626340773e-08
2.026153345598349771e-07 1.820217911517901271e-07 7.717915029162122192e-08
2.136415781601612838e-07 2.063417457403837010e-07 6.774046126104699250e-08
2.137898826152248378e-07 2.319395326869446937e-07 6.642609519389254100e-08
2.105729244248701957e-07 2.494426202181319119e-07 4.827425658027579070e-08
2.169200140311477149e-07 2.518051569757810890e-07 2.709971529355766067e-08
1.995045732272446444e-07 2.746344996639120801e-07 1.058874383417157800e-08
1.806560060636348011e-07 3.015142002858291969e-07 -1.081363848274300468e-08
1.441414479569153290e-07 3.005979522409969811e-07 -4.126480796024111810e-08
7.206940358435536561e-08 3.153548824054201467e-07 -5.156328246653602015e-08
2.994665180449977809e-08 3.186206007429903382e-07 -4.292005168184812509e-08
-2.306600691548333555e-08 3.071197191182336230e-07 -4.412302858739105758e-08
-8.867314640687136586e-08 3.139487286329291905e-07 -6.347744751636148886e-08
-1.494913283151097266e-07 3.243304959925586492e-07 -7.037284772635301842e-08
-1.986081012270737802e-07 3.108329807577011419e-07 -4.652410244628282632e-08
-2.267474248550524053e-07 3.007840664705982737e-07 -5.659322376142748556e-09
-2.442831170652526045e-07 2.794189175696287956e-07 2.957887486923206539e-08
-2.406858264838120039e-07 2.574039161479303665e-07 4.903813521214777151e-08
-2.530608523933077693e-07 2.290140736755587126e-07 5.935457266645685229e-08
-2.496810582993495660e-07 2.104201983522106770e-07 6.544102588326363825e-08
-2.288578234830677240e-07 1.736828668490896205e-07 8.365397856201079629e-08
-2.330758233603726905e-07 1.467425643984840684e-07 1.048696576583872603e-07
-6.414148508407109465e-08 7.694769180298183349e-08 1.130857187156898980e-08
8.144632473249349690e-08 4.938010505139353202e-08 1.024866742064381371e-08
1.009701801701045989e-07 6.195826352222873290e-08 1.857568486473717553e-08
1.309499780225267263e-07 8.256526580553250871e-08 3.220904824167787855e-08
1.687532852752866647e-07 1.045414469480468799e-07 4.583032334437935781e-08
1.977208487275115479e-07 1.309149415229617439e-07 6.424283752294348326e-08
2.034223161812989997e-07 1.542006478461381981e-07 8.741734728413426001e-08
2.260295451518929494e-07 1.805073197137180433e-07 7.624474034008531848e-08
2.433298455110270632e-07 2.066546896240280485e-07 5.704220324599989844e-08
2.382694099000966256e-07 2.294290358920333234e-07 6.283055392112414508e-08
2.413536707809201191e-07 2.467413659914942307e-07 5.503801968745293493e-08
2.373734586713724070e-07 2.643551287987340449e-07 2.835846438581869053e-08
2.210697600473316550e-07 2.972169701408556805e-07 -2.648991345604622876e-10
1.939391324731272491e-07 3.033297860850274122e-07 -3.296329209941803963e-08
1.483382809216031582e-07 3.044427024375069692e-07 -5.648321615422212061e-08
1.033389446084608420e-07 3.230180155009454387e-07 -5.337647827095298327e-08
2.948696112709804026e-08 3.236779751615676803e-07 -4.738701562636708125e-08
-4.131566854432260640e-08 3.117575157226013380e-07 -4.677876149817498804e-08
-9.262981499406745424e-08 3.173976667648467437e-07 -4.654604731843609782e-08
-1.552652984636006965e-07 3.099035132582471906e-07 -4.539337015549891764e-08
-2.075812711295236078e-07 2.956376271112266362e-07 -3.709763009089077800e-08
-2.423387501601993976e-07 3.047714166749008673e-07 -1.697495517269913590e-08
-2.712999258673123917e-07 2.840756571614929280e-07 8.835055661456792024e-09
-2.820285793734551574e-07 2.578993573732487178e-07 3.317603162614037203e-08
-2.714376306338063586e-07 2.158843111954671389e-07 3.372008017751496376e-08
-2.708861600865243684e-07 2.133416078453720837e-07 4.486793740707463595e-08
-2.517491654754227085e-07 1.852791848720107379e-07 7.201627303572315014e-08
-2.464153780689648614e-07 1.551970118478189378e-07 1.030959008962478710e-07
-6.924871830850965837e-08 5.542337292991087159e-08 9.619552871989220173e-09
8.520205759183350658e-08 4.910330863819165892e-08 1.067339378408333654e-08
1.035598782125649196e-07 6.126562939021995755e-08 2.146433012903372898e-08
1.351963854215820179e-07 8.019847754894201323e-08 3.766160221028265467e-08
1.773009702656354657e-07 9.831812929415965210e-08 4.940865283556204740e-08
2.114179141201361387e-07 1.211794707253058295e-07 6.688258244678925626e-08
2.110697505703909178e-07 1.419268057488631306e-07 9.283050219935507974e-08
2.485213059392432571e-07 1.794368366892518665e-07 8.362967894289596560e-08
2.655991879224842714e-07 2.073511726079175615e-07 5.684751302870733046e-08
2.618509929688044989e-07 2.075831250398642459e-07 6.211066233912239645e-08
2.629750929694540105e-07 2.420298533823738601e-07 5.455792526770830049e-08
2.511900428555334604e-07 2.539055400520195718e-07 1.857913513123987760e-08
2.527017151186279771e-07 2.711562661951237886e-07 -1.498186287033902614e-08
1.995640799752302140e-07 2.931229135293491102e-07 -5.593039009237607365e-08
1.753936881034714225e-07 2.983905844091061814e-07 -7.641925732142984940e-08
1.268886940907375514e-07 3.256138246672033164e-07 -7.079125948670595363e-08
2.074814134389791787e-08 3.367609636151234841e-07 -6.084968870765949788e-08
-5.960505454930434116e-08 3.297743777996676224e-07 -5.673726530946282110e-08
-1.046240127899359136e-07 3.032275640861730562e-07 -5.882947058628668683e-08
-1.848622102828161206e-07 2.951190625721627061e-07 -5.313269177795970085e-08
-2.160863321108663757e-07 2.769769554934782731e-07 -4.641293553468423006e-08
-2.366711167842042116e-07 2.850663304785591353e-07 -2.909722227125053592e-08
-2.992035939735481073e-07 2.733169707268655827e-07 -1.353198278768610995e-09
-2.765311271310098586e-07 2.324683831067705152e-07 7.530783875859519981e-09
-2.977394157225382285e-07 2.320972733285652992e-07 2.934175255100310406e-08
-2.951650560412024629e-07 2.192018850201631820e-07 3.835144655557659329e-08
-2.824095736586802278e-07 1.831162535709356772e-07 6.035906482569733735e-08
-2.585655640300047862e-07 1.552747194409283795e-07 8.806948598435782478e-08
-2.401745747129942002e-07 1.898149828015042880e-07 9.756777951952241347e-08
-7.351982709978518653e-08 5.373850407883597330e-08 8.926086846326961115e-09
8.924066716584201796e-08 4.420223297277974177e-08 1.114331217357141020e-08
1.069775725798797113e-07 5.753656031058218587e-08 2.351897617852589438e-08
1.393249275455487602e-07 7.517682325633750665e-08 4.098927876998119884e-08
1.842700743286181568e-07 7.024407618213418720e-08 5.001847620664795252e-08
2.216592222687550816e-07 1.141266937239613611e-07 6.824826133645283943e-08
2.314727154246782283e-07 1.321997227119834997e-07 9.565566845402714940e-08
2.654125534177622501e-07 1.693001514294726562e-07 8.345048885355981872e-08
2.843457348018065347e-07 2.148924336728701340e-07 5.574593396985783675e-08
2.807886174933080454e-07 2.207177080880919603e-07 6.537328378820453047e-08
2.898003166394532257e-07 2.331624679687988372e-07 5.775568533305429453e-08
2.566332579122535297e-07 2.732097437132623740e-07 6.498734454881986605e-09
2.700350338876912529e-07 2.822340481870541239e-07 -3.584271009983947466e-08
2.130190620843324760e-07 3.056197321292144396e-07 -8.197974859210949715e-08
1.718861811384091569e-07 3.250147244489299042e-07 -1.012688959646995959e-07
1.036311784306409807e-07 3.180861766364399731e-07 -1.024741249399666839e-07
2.908868768180920032e-09 3.111919223344034260e-07 -9.074431730312343933e-08
-5.523383544840772178e-08 3.169696476149364456e-07 -7.687992231739062295e-08
-8.976395409424558495e-08 3.057778369527852366e-07 -7.400424154498730422e-08
-1.797232179379867301e-07 3.058331305370956027e-07 -7.033953477378337454e-08
-2.358979383065174000e-07 3.143789257533584667e-07 -5.690485791184889744e-08
-2.675445475452020762e-07 2.925024797297814038e-07 -4.163922550907537958e-08
-3.171260008494089577e-07 2.704577906781378910e-07 -1.883362966444707038e-08
-3.147998141493576373e-07 2.548625470277359037e-07 -2.096631126252160341e-09
-3.302269628346702407e-07 2.189141166014643262e-07 2.017946958989110750e-08
-3.268616473627575254e-07 1.880738100187342176e-07 3.927194337072198957e-08
-3.017429603164732586e-07 1.658502408526565213e-07 5.961706285483697644e-08
-2.733280337324405446e-07 1.450030345805197304e-07 8.459289441170272758e-08
-2.411170148442275201e-07 1.418197018880254337e-07 8.920570240274560035e-08
-9.399875183735222445e-08 1.294785782584218861e-07 2.309587713034838583e-08
-7.622302603776536963e-08 4.850509893354784168e-08 8.935998985262469871e-09
9.142030602205110548e-08 4.411912774352809891e-08 9.971099944227536653e-09
1.102431537662602054e-07 5.218751847482958637e-08 2.248200682256126643e-08
1.420828953385453631e-07 6.438923033237539325e-08 4.116945063042974230e-08
1.900672737011958320e-07 8.140888012021276816e-08 4.893311623761810248e-08
2.323193356504964499e-07 7.021358542393425873e-08 6.227454318932287847e-08
2.488947344971613504e-07 8.683195355078519342e-08 9.447686452855721723e-08
2.825541356354042173e-07 1.469810889058932529e-07 8.115689097001521074e-08
3.122006722564007432e-07 1.820417252851489746e-07 4.893707690247415322e-08
3.131921669150350117e-07 2.032699154250228712e-07 6.170502294941726997e-08
3.069645318484971650e-07 2.084745771874429846e-07 4.978924900543308106e-08
3.077922503697746033e-07 2.127046156238289966e-07 -5.269501348018239104e-09
2.943555548712630814e-07 2.444982584836215407e-07 -7.036947626836349574e-08
2.320253098719835442e-07 2.715731283385679169e-07 -1.240648468785966143e-07
1.851851879685087119e-07 2.662350672086994217e-07 -1.522474385519141224e-07
1.163189707936931463e-07 2.824156281122480449e-07 -1.524258024025641749e-07
9.930015691862409178e-09 2.608440827873033959e-07 -1.366394254282284021e-07
-4.854056956136375626e-08 2.665446475812877674e-07 -1.117898081042372927e-07
-1.022496158952007584e-07 2.674064698753759267e-07 -9.977661690641217110e-08
-2.016109649811339789e-07 2.704245731045854616e-07 -9.347011490518152662e-08
-2.469671469925599482e-07 2.220302923162621549e-07 -8.877970385760267387e-08
-2.803419028881486132e-07 2.425466790204311575e-07 -7.137788025225960069e-08
-3.414753897922493580e-07 2.309618463311759570e-07 -4.637598370580711322e-08
-3.460451610935416346e-07 2.070731437618059810e-07 -2.694190278001520003e-08
-3.490463513544472534e-07 2.348626181784758183e-07 9.927001671846686860e-09
-3.292898658561425674e-07 1.684946180175604670e-07 3.020253009142938973e-08
-3.207270759407245500e-07 1.413448413761098710e-07 6.494598125523896776e-08
-2.820747647018127025e-07 1.263747450173232199e-07 8.812810455524600540e-08
-2.408874203186534704e-07 1.209275852488081323e-07 8.974548401957349810e-08
-1.955362820829125632e-07 1.883923743389972139e-07 7.295348291038348732e-08
-1.375506111632624544e-07 1.421357754047374098e-07 4.114282582298273747e-08
-9.301689033376978895e-08 8.059284652348368221e-08 1.969345717780793849e-08
-7.877581621080184168e-08 4.774109159048056056e-08 9.631262461860021787e-09
9.290672087750938077e-08 3.539277798747987371e-08 8.970061206972174596e-09
1.117911905108797687e-07 4.337244743067989057e-08 1.872889106009153498e-08
1.463152773655437611e-07 4.987123732214065532e-08 3.536868461381681399e-08
1.972035057360328806e-07 6.467286005615287914e-08 4.372072322430976881e-08
2.437496509793881416e-07 8.623542741369198139e-08 6.452485213390060568e-08
2.645055364928697684e-07 9.531549072672423303e-08 9.619952314448258341e-08
2.966394359924686134e-07 1.243582390033409107e-07 7.866719140596693391e-08
3.253931780044159712e-07 1.575382089844583033e-07 4.589624200538669334e-08
3.170100809246358064e-07 1.811227867664450593e-07 4.784397554135581978e-08
3.149898695044804800e-07 1.754293031298883362e-07 2.845528018279827856e-08
3.113155693873007642e-07 1.916574649372375581e-07 -3.441187361754012346e-08
3.205284562534886745e-07 2.155176221397409180e-07 -9.945268959705062224e-08
2.384120708032859655e-07 2.317509459029560021e-07 -1.698620488620792481e-07
1.988109402764013694e-07 2.369747103253086113e-07 -1.986964877615090242e-07
1.372199355788055216e-07 2.288127152921471931e-07 -2.003295466513358468e-07
1.016923205442635790e-08 2.241931843713165664e-07 -1.748232844041168526e-07
-7.163987085789859642e-08 2.373891392628890733e-07 -1.389666610280042235e-07
-1.130734211201842092e-07 2.299184598566579731e-07 -1.202412084710826258e-07
-2.191899501265780062e-07 2.248508042322202069e-07 -1.074424924815193326e-07
-2.572832231750851810e-07 2.126093143154470825e-07 -1.001094424926375933e-07
-2.683353850481437321e-07 2.119976953386965222e-07 -9.391308412321075145e-08
-3.606674028987604142e-07 2.052662809884802660e-07 -6.832661495003322867e-08
-3.408953990467817631e-07 1.805251321909571054e-07 -5.393424898836433657e-08
-3.582577133823373271e-07 1.751914345102271401e-07 -1.387089686421365950e-08
-3.604344017556199163e-07 1.569713933181670745e-07 2.480127844260348839e-08
-3.338762296848778084e-07 1.254968528097007588e-07 5.675004971629291655e-08
-2.777604252279666624e-07 1.029489242126776314e-07 8.084552913462913075e-08
-2.381596619933873738e-07 1.043202268687168415e-07 9.195187658595371763e-08
-1.927383951181253275e-07 8.925269473803959339e-08 6.541264442850087590e-08
-1.377639417339508324e-07 1.006360227915502666e-07 3.621438935683795811e-08
-9.534776438060661046e-08 6.500245755179267055e-08 1.848454280780198368e-08
-7.953004523172698815e-08 4.017024527454783998e-08 1.007350115602242117e-08
9.329943053648122640e-08 2.923291169761373060e-08 1.042227181900928999e-08
1.110022617974281542e-07 3.089861011004255570e-08 1.491813429229788948e-08
1.483275958060145725e-07 3.576669175133678220e-08 2.643488193733318085e-08
1.992509171047219972e-07 8.170797592983399934e-08 4.593475323365199840e-08
2.519635049311366415e-07 6.679325165369844985e-08 6.674652912318754265e-08
2.913497491260907152e-07 8.111866672436505951e-08 8.143368137112667260e-08
3.259071816106397922e-07 9.588579300184690834e-08 6.154303975897301294e-08
3.345635690679634113e-07 1.214564578003784148e-07 3.146675251977955139e-08
3.251916001746351611e-07 1.388343575087397761e-07 2.418429861792496674e-08
3.312743006102774003e-07 1.596911898591109433e-07 8.087567905574809146e-09
3.387109584396970540e-07 1.815852674200053469e-07 -5.080590672766993942e-08
3.196023900608561052e-07 1.809543323808657775e-07 -1.331822326984941549e-07
2.734411135137609052e-07 1.859897729569755010e-07 -2.013561177804247851e-07
1.911509153538061897e-07 1.770394147598060710e-07 -2.371743055607375297e-07
1.052469382335901035e-07 1.962081115296614393e-07 -2.301005914964125283e-07
-2.760261384809526037e-08 1.674299254441066571e-07 -2.023768780563300935e-07
-7.756326467453508051e-08 1.575286342762510638e-07 -1.665892227618985872e-07
-1.260332756204706848e-07 1.857356869827606221e-07 -1.348777370606660058e-07
-2.013161086493681961e-07 1.684099150023233253e-07 -1.195928479620031430e-07
-2.576856412301339186e-07 1.748164152252646190e-07 -1.053697699945608534e-07
-2.957627092986000542e-07 1.745136940656131294e-07 -9.617210422407282787e-08
-3.719201202290414375e-07 1.621409085980787736e-07 -7.965338431574973761e-08
-3.652071507518251840e-07 1.642939673688042214e-07 -6.643167753077645607e-08
-3.706280394276730870e-07 1.363584962966861625e-07 -3.497979526019608430e-08
-3.730921419135706661e-07 1.282355550660814984e-07 1.500789430099053316e-09
-3.508682098705721312e-07 1.078462541006424761e-07 4.023924437787674914e-08
-2.854791061846567019e-07 9.308668928284938299e-08 7.335440890008941748e-08
-2.385938130591038767e-07 8.629428628184843659e-08 8.840477247934872640e-08
-1.968749703168255979e-07 9.040871324167420002e-08 6.501829515241057393e-08
-1.407150431322190606e-07 7.495382680697313429e-08 3.378720164191867602e-08
-9.833829893646905103e-08 4.905443599131607635e-08 1.799479432787691204e-08
-8.124848756381446523e-08 3.012807987435006310e-08 1.050249126737032858e-08
9.187485044581030699e-08 1.717639211472589477e-08 1.119322739380761615e-08
1.109896290481610567e-07 1.935767630321188416e-08 1.498345725218095126e-08
1.512621258255698189e-07 1.598718780716013143e-08 2.670293402505654460e-08
2.024735739999358441e-07 3.733326227484771075e-08 5.922443533656371532e-08
2.503601885329852848e-07 3.829259521854609162e-08 7.463115598564952660e-08
3.074816629715189888e-07 5.606359137815166896e-08 5.929281796710475602e-08
3.504482539190945734e-07 6.037691193275773064e-08 3.297231938643002755e-08
3.520073344745524891e-07 6.836009960312847318e-08 7.303568885019530287e-09
3.597200353413727692e-07 8.402584541059269078e-08 3.785582522990716822e-10
3.626193608075943604e-07 1.062697182094135776e-07 -1.381964649452526920e-08
3.534509959745124527e-07 1.292944200556397227e-07 -7.098750544986409965e-08
3.221019189262821720e-07 1.138657043088902249e-07 -1.524445746412076496e-07
2.634349491395516722e-07 1.144795767902938106e-07 -2.237121066190398408e-07
2.039127857213189330e-07 1.301467497962786769e-07 -2.518192280059998981e-07
9.422520713009783664e-08 1.249193940628625584e-07 -2.491935871121127104e-07
1.093277793892346816e-09 1.210985697735338499e-07 -2.235953001688850167e-07
-7.646379540641126512e-08 1.306640839807932350e-07 -1.849042210884968974e-07
-1.217205795197412859e-07 1.028217274458105874e-07 -1.549801220032751799e-07
-2.126914935304828880e-07 9.761632334529767847e-08 -1.249650221727673065e-07
-2.701206920947717189e-07 8.156276816420619694e-08 -1.041710271348772042e-07
-3.020836517059962159e-07 9.282516939144064947e-08 -8.988826343365980409e-08
-3.604717377422869462e-07 8.017292127538355731e-08 -7.668685729622171647e-08
-3.522361255092299165e-07 7.681741473797929348e-08 -7.810696545708170725e-08
-3.852861138510113678e-07 8.149728362616240875e-08 -4.807434585760381091e-08
-3.795200090974180857e-07 8.019730744805337896e-08 -1.893972765555236009e-08
-3.624050703208417180e-07 7.560285634193997374e-08 1.948314468767578771e-08
-3.065362135396757839e-07 6.662242864018508291e-08 6.548879541886252635e-08
-2.434635382735890550e-07 6.565728598853232077e-08 7.477887075216029643e-08
-2.018850711622926016e-07 6.407744977153560315e-08 5.351900467839744791e-08
-1.467556669020715071e-07 8.782579119325489932e-08 3.345992993154663601e-08
-1.049218357434550206e-07 3.568243391203503372e-08 1.773108035391353381e-08
-8.646241408063150465e-08 2.149698584244585923e-08 9.696060356187072571e-09
9.041003747693055870e-08 6.518951100749064625e-09 1.008315552885404662e-08
1.126129011954287937e-07 6.907836641288957421e-09 1.669202231243028163e-08
1.534087780485500586e-07 6.128966898824191737e-09 3.378463818381631877e-08
2.028325682331872126e-07 9.184094792666656909e-09 6.931051163826710978e-08
2.500289151282376692e-07 2.233576207003727579e-08 8.012302634023144016e-08
3.059173316635117005e-07 2.870028236805852612e-08 4.779814407273197476e-08
3.525501968833581008e-07 3.477691365892974303e-08 1.429693454767459054e-08
3.671905431812418686e-07 3.809212432142496335e-08 -1.202589701822560284e-08
3.771542309993745268e-07 3.979487570954177494e-08 -2.180491783333240676e-08
3.777809571690621805e-07 2.359347427673406848e-08 -3.212406705078531802e-08
3.562413174812321657e-07 3.972388262525435136e-08 -7.116816535891897041e-08
3.228872548002820155e-07 2.508486468315573490e-08 -1.347665747864130176e-07
2.765008121560410995e-07 1.091795094531445756e-08 -1.998799198099394003e-07
1.937701274274268325e-07 3.342589122784509250e-08 -2.443703817945187735e-07
1.019531268755766410e-07 2.626154514236749888e-08 -2.523106382323973053e-07
9.147463709749580532e-09 1.246004248062030709e-08 -2.382900591833220443e-07
-6.371453993254895064e-08 4.485494383047504000e-08 -2.092068968013048629e-07
-1.327611639679030028e-07 3.955790562419055847e-08 -1.718460799836827719e-07
-2.222874647856133172e-07 9.420681947213631335e-09 -1.298016163808710877e-07
-2.573300770379163216e-07 4.931065296336006375e-08 -1.024042833391824746e-07
-2.993835987501972292e-07 2.963280063275778561e-08 -8.314507390404827796e-08
-3.490134142879467026e-07 2.181802296537073343e-08 -6.748847960047995259e-08
-3.455815794812108641e-07 4.694223593036028646e-08 -7.270654696830875364e-08
-3.783981535080728847e-07 3.593458082199952605e-08 -5.192993343550059118e-08
-3.772236887723115884e-07 1.504472748619200064e-08 -3.369225533190037768e-08
-3.722921131940122041e-07 1.684813840410526512e-08 1.367645035220357644e-09
-3.139778064602739897e-07 1.969112361989934880e-08 4.692325254883311580e-08
-2.478951893106797816e-07 2.983257538379069462e-08 6.030213606842563421e-08
-2.056935039127563107e-07 2.887421548807583930e-08 4.286185379566655295e-08
-1.548904570287591998e-07 3.032590399850805623e-08 2.609232831450311988e-08
-1.117202660463861407e-07 1.811215119286093720e-08 1.463148205990318936e-08
-9.203388738742808152e-08 1.098407756437011581e-08 7.275111496203507938e-09
9.359026887365593296e-08 -3.024346636913657746e-09 8.618939130533036085e-09
1.136904378412459169e-07 -3.823706824120585872e-09 1.766976867341964235e-08
1.540513897840918239e-07 -4.048471310705452821e-08 3.607764518272408137e-08
2.027388089953874508e-07 -8.660889923109386726e-09 6.074844730911627256e-08
2.545810541440871392e-07 -9.993577909968956877e-09 7.020170065237275131e-08
3.073706733881200635e-07 -6.242830259188225998e-09 5.180309495079443787e-08
3.551885951499961197e-07 -1.215011374916099431e-09 1.530452756292291484e-08
3.695258480617500527e-07 -6.877513507139093990e-09 -2.764974963606474617e-08
3.670238743977191697e-07 -2.730098371877273878e-08 -4.359293572085647870e-08
3.356459017714360755e-07 -4.510727509383680450e-08 -4.863334900215125014e-08
3.521572452097283853e-07 -2.950295881497967806e-08 -5.407859788901306277e-08
2.945029738285609402e-07 -3.228318526874382231e-08 -1.048497196469385284e-07
2.598354733530569566e-07 -5.916289798384987991e-08 -1.631163348388534514e-07
1.938803156344908782e-07 -3.308312108045760299e-08 -2.227519477952950909e-07
1.172105628010291742e-07 -5.369084743532402194e-08 -2.470660673295183970e-07
4.774970440086173608e-08 -6.137556854333296439e-08 -2.451180825084898044e-07
-3.173459965054206954e-08 -2.929421316236968709e-08 -2.296482646198131009e-07
-1.514898582859201301e-07 -3.672266447284268568e-08 -1.858881511951018849e-07
-1.845063428818692363e-07 -2.488598922010589715e-08 -1.409436495867439762e-07
-2.334313823498570892e-07 1.376689088064360980e-09 -1.075127262757788166e-07
-3.082454026755102255e-07 -2.900842588490910470e-08 -8.020708006919905527e-08
-3.567175863588436143e-07 -4.694846015116554863e-08 -5.478435225829711458e-08
-3.794326386347376294e-07 -2.643886531465358176e-08 -4.793324695512576854e-08
-3.829011317941017995e-07 -3.466718951689722984e-08 -4.252251168288679236e-08
-3.777548251904850942e-07 -3.217919034265924533e-08 -3.490960335813521350e-08
-3.669114810929330340e-07 -2.276862415102669863e-08 -3.218388021696422902e-09
-3.108292303443424486e-07 -1.792727771815228978e-08 4.327365860215643465e-08
-2.471519202720677928e-07 -7.600369727541659053e-09 5.895770959842705751e-08
-2.060440284738894544e-07 3.645855727263345596e-09 4.293162884504590467e-08
-1.561442948974156113e-07 -5.579723126277683858e-09 2.234408802667746781e-08
-1.118735192485144923e-07 2.018752991436584179e-09 1.023855649081858551e-08
-8.934717108342590041e-08 -5.895350067975197123e-10 4.549792178454076005e-09
9.466029712809775279e-08 -1.277607542687954397e-08 7.562203873743259738e-09
1.131048827838328956e-07 -1.629641138644263674e-08 1.974235791039107161e-08
1.499000776758632326e-07 -2.258589596292358233e-08 3.585746985739300924e-08
2.010085991781568879e-07 -3.184582151958055666e-08 4.238212847897656767e-08
2.553947416588953410e-07 -4.205542429284012609e-08 4.915392269382013841e-08
3.031069928802460220e-07 -5.734089849623636079e-08 6.274546446231477745e-08
3.464412161925171831e-07 -6.928045056588046437e-08 2.990718589879311281e-08
3.777630267284409042e-07 -6.990767604094008912e-08 -2.271844525035098183e-08
3.793890699881024421e-07 -8.006171658603603139e-08 -4.549651384284049876e-08
3.416266604821893109e-07 -7.477104186301230799e-08 -5.549881747665200591e-08
3.472420489364515641e-07 -7.508597356377914370e-08 -5.192185439969662976e-08
2.869238620934412978e-07 -7.983711595701711397e-08 -9.032651425748149489e-08
2.643876262000324600e-07 -7.792345436405871282e-08 -1.430744091249552823e-07
2.138457885326925287e-07 -1.023076260485669355e-07 -2.034349476628087749e-07
1.077383180006494332e-07 -1.101788720860818366e-07 -2.398507081460596030e-07
3.799041551221637551e-08 -1.184603030524326007e-07 -2.409938486998269045e-07
-4.967804039938436208e-08 -1.263039884166315517e-07 -2.312011250335948722e-07
-1.567550132636638308e-07 -1.090651230354058452e-07 -1.925230430085141965e-07
-2.099717010955208019e-07 -1.003785669584712908e-07 -1.380665562271669230e-07
-2.336842429656666822e-07 -9.976502333022484488e-08 -1.059629140663881657e-07
-2.989163493354666279e-07 -1.054755930578677990e-07 -7.451385326444749532e-08
-3.436270831514329412e-07 -1.212855494517739925e-07 -4.074397277510666321e-08
-3.661835381158090281e-07 -8.974894627256407965e-08 -2.935050546072396445e-08
-3.727941628336355346e-07 -7.705165714422068072e-08 -3.042726838945296208e-08
-3.703896054515615424e-07 -6.868882556394956094e-08 -1.994708732767630152e-08
-3.607544135664854888e-07 -4.944196160826097465e-08 2.317391671908277996e-08
-3.053808501395239141e-07 -4.789609759418650737e-08 6.728581891833195817e-08
-2.479975601032905728e-07 -4.074563258002333514e-08 7.206483240083401969e-08
-2.032544858170520710e-07 -2.784803773615898227e-08 4.883961588251377994e-08
-1.548867980677209568e-07 -5.537978860122961295e-08 2.577178941918139837e-08
-1.106461759611908695e-07 -1.380212841895606103e-08 1.088256139384410672e-08
-8.666766655621999883e-08 -1.213369670835371414e-08 4.439476190098513739e-09
9.305012411579156372e-08 -2.106940660405964248e-08 8.653016083621322563e-09
1.128696796770031313e-07 -2.693760405143883742e-08 1.994158317664661374e-08
1.475791129423168318e-07 -3.784028884797851976e-08 3.643754543534359036e-08
1.958039512441718105e-07 -5.431349020223088505e-08 3.566118894653361429e-08
2.531612813952529031e-07 -7.064472488270474687e-08 3.882825010003750502e-08
2.957429559651024568e-07 -8.764906610179117271e-08 6.445748068647115547e-08
3.336399633412959250e-07 -1.034958077947270916e-07 4.337410620607961794e-08
3.692026529071667632e-07 -1.185056229407659253e-07 -7.660685788914167459e-09
3.705457456582690771e-07 -1.318410662174753357e-07 -4.010301182106040118e-08
3.618843374363631226e-07 -1.527412657185813664e-07 -6.253798555828550267e-08
3.555972931351846669e-07 -1.547914042645206165e-07 -7.293969202571733418e-08
2.894028142313294370e-07 -1.637848079400335867e-07 -9.603086041793963829e-08
2.515252587565497448e-07 -1.864454951879663207e-07 -1.355367091908682151e-07
1.955039425463170633e-07 -1.900288807919375323e-07 -1.851081524540300822e-07
9.979333844919497310e-08 -1.964577085082107397e-07 -2.150300226436532039e-07
1.833993339246687218e-08 -1.749320044825963688e-07 -2.242220643506188610e-07
-6.284102696519355540e-08 -1.866646602425564028e-07 -2.179898326087230941e-07
-1.648717796000584037e-07 -1.896142139535220863e-07 -1.833001889769491143e-07
-2.028263705021051546e-07 -1.725232886004107565e-07 -1.329127044123603668e-07
-2.410610018838837450e-07 -1.690323322102944458e-07 -8.782380105363142520e-08
-3.002423940349419580e-07 -1.664741874824445581e-07 -5.295478289026779524e-08
-3.265160062626092301e-07 -1.599223223280091125e-07 -2.855352382284912323e-08
-3.421313099728885345e-07 -1.484783886151677819e-07 -1.404096563131488788e-08
-3.456196179186020242e-07 -1.366780426352330154e-07 -1.185222875545699006e-08
-3.551834049785242191e-07 -1.173575331110770530e-07 9.295330572723341465e-09
-3.366354873642512355e-07 -9.067523058316345369e-08 5.491930365534716545e-08
-2.828663087983869373e-07 -7.350308048633047046e-08 8.355394182447815989e-08
-2.450117849966808069e-07 -6.041400732501202089e-08 8.047952744118038765e-08
-1.999776327750196694e-07 -4.724854310262562351e-08 5.170998786244000372e-08
-1.522335442421221697e-07 -3.478879686484881211e-08 2.953780169691090477e-08
-1.091891328230231514e-07 -2.515252049685581501e-08 1.489952799952873982e-08
-8.837919111998183794e-08 -2.016030512541526280e-08 7.813860724681257909e-09
9.173958143627586200e-08 -2.893431730138160316e-08 9.652839684630832681e-09
1.118663866181128183e-07 -3.859728332879471706e-08 1.694765716355838990e-08
1.458764873527847708e-07 -2.382204819287777175e-08 3.245801264153915674e-08
1.918642437307541020e-07 -3.974714212172949781e-08 3.999752659130955763e-08
2.454442775886899196e-07 -8.744132136623916113e-08 4.659735951475987740e-08
2.812987897059320403e-07 -1.009160974401349520e-07 5.867776378831097036e-08
3.166901103739110355e-07 -1.221085060617340969e-07 4.732812057708723674e-08
3.509274572270745179e-07 -1.577875830178008003e-07 1.301475829641847185e-08
3.507910722953098355e-07 -1.763210919425694165e-07 -2.394842171565936365e-08
3.351152004362275308e-07 -2.009855535802167123e-07 -6.528222202153987560e-08
3.510690173717980851e-07 -2.234305999484012300e-07 -8.827534072296824706e-08
2.678598679391341864e-07 -2.253047640483671255e-07 -1.122951788778670355e-07
2.301871071738455578e-07 -2.263698040535245795e-07 -1.283492592829549227e-07
1.839207897148245229e-07 -2.527180233348210374e-07 -1.542805221712722491e-07
1.193917964676472235e-07 -2.450295039447632528e-07 -1.761612473107942895e-07
2.724059012898169112e-08 -2.346481394120762340e-07 -1.915302409119188397e-07
-4.959104311279777713e-08 -2.465838176342503342e-07 -1.922155466757682319e-07
-1.656725798744526863e-07 -2.285671678706830152e-07 -1.674653888376746384e-07
-1.954371470315080992e-07 -2.202217940164372753e-07 -1.225698500927414821e-07
-2.244507977008363120e-07 -2.127645236860579387e-07 -7.364958828414825537e-08
-3.068701569192638185e-07 -2.022362068369269621e-07 -3.323547076141386144e-08
-3.127958027102484689e-07 -1.828283419292619203e-07 -2.187718585114108421e-08
-3.337015626319436792e-07 -1.728832474114865639e-07 -3.795390966241739257e-09
-3.410379170268118780e-07 -1.811702841453340966e-07 1.140850878156861638e-08
-3.365434903588579774e-07 -1.534551511845067899e-07 3.206694228621689957e-08
-3.155914512691783935e-07 -1.224035261988636060e-07 6.897505016527672476e-08
-2.785671829762790915e-07 -9.407654601382008052e-08 9.080013744239294674e-08
-2.364309190012552552e-07 -8.092440796056875176e-08 8.322614906513869126e-08
-1.959823534492351708e-07 -6.418209804720374001e-08 5.750987032985731597e-08
-1.488437918331223788e-07 -4.911996678565351358e-08 3.294469510409792748e-08
-1.079307317888771663e-07 -3.632938639960669681e-08 1.781277522544197450e-08
-8.760308541672006420e-08 -2.836512761558968824e-08 9.708292565130969506e-09
9.105748770862727308e-08 -3.772257773194820251e-08 1.031235725593480304e-08
1.074974443234483145e-07 -4.772627081550383991e-08 1.606224251401792018e-08
1.428149269096653112e-07 -5.771507880727792839e-08 2.725564436163374041e-08
1.907463720983000850e-07 -7.085620813108444603e-08 4.607614640220467006e-08
2.329584441890359525e-07 -9.842020501001200192e-08 6.319165481575320161e-08
2.644674475271026096e-07 -1.217352044805354990e-07 7.135795295878263335e-08
2.988560536739990383e-07 -1.425556839969552752e-07 5.587740070884886554e-08
3.238469404005774934e-07 -2.066198480527853044e-07 2.879197846422785850e-08
3.385482635194365190e-07 -2.295202727102701214e-07 1.613487961962638814e-09
3.244793453332366423e-07 -2.484358692491566108e-07 -4.362456341715821241e-08
3.489086252191685647e-07 -2.642195808059019584e-07 -7.638515135219458942e-08
2.759961148029882615e-07 -2.809769458321710670e-07 -1.024105448405973000e-07
2.374594538566099363e-07 -2.531971146828638576e-07 -1.091080845912905000e-07
1.789696500670536640e-07 -2.672331402807339294e-07 -1.201367001328871438e-07
9.618443447328772819e-08 -2.624967949656111460e-07 -1.381037992878914797e-07
2.869955167996338594e-08 -2.700124792271303627e-07 -1.516310470167122262e-07
-4.694442640008064378e-08 -2.735972149945548723e-07 -1.601374969099854144e-07
-1.379302291237732736e-07 -2.653712407995573310e-07 -1.476534455465129152e-07
-1.997594737550926601e-07 -2.432260362695499268e-07 -1.083129156914532653e-07
-2.378218214091077644e-07 -2.529184720687634915e-07 -6.241018004248281056e-08
-2.905764496965899779e-07 -2.389190557152455638e-07 -3.323579736184043009e-08
-3.172546730091144676e-07 -2.108506727645486816e-07 -1.476722554602837740e-08
-3.320881530723660759e-07 -2.080910208484869059e-07 1.142860370148027647e-08
-3.372532589176723107e-07 -2.039943756851200357e-07 3.178481514847410277e-08
-3.145476631895686342e-07 -1.768441611409789397e-07 5.057872714170846795e-08
-2.976302983257827099e-07 -1.481806113366922484e-07 8.173281822934725607e-08
-2.639295671664837691e-07 -1.175751911152738622e-07 8.976955535350331390e-08
-2.271336223896105714e-07 -9.558455859022259300e-08 8.314833461753697206e-08
-1.894735835500419565e-07 -7.763158502787140074e-08 5.816232161478617595e-08
-1.449224851781423228e-07 -3.519668912942634738e-08 3.125417072533279301e-08
-1.043127002048875946e-07 -4.471265455750293809e-08 1.678792323986429857e-08
-8.517110276237698204e-08 -3.539677264218322633e-08 9.379668581982167130e-09
8.909875062885490448e-08 -3.984866023843076747e-08 1.056946610136042911e-08
1.039663818628561828e-07 -5.051275973919864819e-08 1.812377045926287221e-08
1.373406830991045757e-07 -6.628439611563759341e-08 2.979565944979510643e-08
1.830034135570476744e-07 -8.572881152279775019e-08 4.851484620726453367e-08
2.171334596080396500e-07 -1.099135592172855527e-07 7.235647784047429112e-08
2.396626564182342864e-07 -1.230420270941331169e-07 8.470076488121839243e-08
2.883699052396187984e-07 -1.550358358415857807e-07 7.083950606880040904e-08
3.101427774007444279e-07 -2.038155129219798849e-07 4.028109827461415630e-08
3.211525420865974160e-07 -2.043313039339638517e-07 1.450172380892779283e-08
3.175433040651539241e-07 -2.317910410940758241e-07 -2.526866624460520726e-08
3.125038554098350722e-07 -2.762897204260057822e-07 -5.768671435323185067e-08
2.547676532630029432e-07 -2.951160930115315333e-07 -8.002518539192442075e-08
2.061400728990632577e-07 -2.941765838060582550e-07 -7.717810896852179694e-08
1.581925020717891252e-07 -3.170390265169258899e-07 -7.526807888538644139e-08
8.674673013290243646e-08 -3.226701121418331254e-07 -8.729658257460242521e-08
2.534113252648365237e-08 -3.328942307936749043e-07 -1.020474116299100231e-07
-5.123952575921977606e-08 -3.307670000351638447e-07 -1.143517241083010191e-07
-1.227905101041258133e-07 -3.132175486862815993e-07 -1.121905042498712545e-07
-1.830190064604468730e-07 -3.104780246228413689e-07 -8.477470048071266464e-08
-2.218546797448192554e-07 -3.003228113480160442e-07 -5.540438664595087415e-08
-2.758623381198669087e-07 -2.848355403103433652e-07 -2.966143931071676618e-08
-2.716578468960913025e-07 -2.683518728425653831e-07 -1.280270401618978128e-08
-3.160604083445078710e-07 -2.352650303170272920e-07 2.677944481576654947e-08
-3.072303628865340328e-07 -2.183090444297130759e-07 4.786472571715142361e-08
-2.867462620381005905e-07 -2.010591600433935495e-07 7.607029471788640287e-08
-2.736491103414084013e-07 -1.619217704898451605e-07 9.929959722177627055e-08
-2.475702173009882136e-07 -1.350265382448994600e-07 9.505536960891777316e-08
-2.134474658796764437e-07 -1.115418386153882050e-07 7.867233873829273669e-08
-1.826553289845628170e-07 -9.418834607880665553e-08 5.193117906758596101e-08
-1.386942226423792479e-07 -6.632332023067348884e-08 2.514723169045780280e-08
-1.009995854648961320e-07 -4.722108296261983362e-08 1.370013716286414262e-08
-8.337854895083541538e-08 -3.676056574933298849e-08 8.651422187105830619e-09
8.733275472245887160e-08 -4.499555967948513497e-08 8.376982944032389705e-09
1.020788390480499510e-07 -5.727763194257620231e-08 1.953700978330308934e-08
1.302166922437288089e-07 -7.171562897517261326e-08 3.353159756368986430e-08
1.723096261187998440e-07 -9.689897616672741626e-08 4.274508746057750808e-08
2.067241323937742826e-07 -1.208373693255294529e-07 5.934737079129018624e-08
2.332490676165573515e-07 -1.366463791041681018e-07 8.377811101539589897e-08
2.636000915616819110e-07 -1.750618194189992351e-07 7.405642871198065325e-08
2.937377790139383757e-07 -2.221484377548186495e-07 5.224850975423295643e-08
2.988710655936934139e-07 -2.330227470487303781e-07 3.109235694360624977e-08
2.829277220806229796e-07 -2.813259448729158349e-07 -2.459597154538223226e-10
2.749966952107322577e-07 -3.021223150029741857e-07 -3.208915092898467383e-08
2.196302912303333637e-07 -3.149379195760982440e-07 -5.133842192099349324e-08
1.640925454048541172e-07 -3.009819756521103407e-07 -5.249917816602815516e-08
1.470808216590306009e-07 -3.042837305355653272e-07 -4.917468302095725293e-08
9.445409113413922705e-08 -3.045517520965309584e-07 -6.054558534943270398e-08
2.472991215761062218e-08 -3.180953995047811938e-07 -7.155039150856290043e-08
-4.487502174306881804e-08 -3.235740852174557776e-07 -8.126247757085060194e-08
-1.191840493578079815e-07 -2.958266170941173575e-07 -8.209611216969203164e-08
-1.713378200376934468e-07 -2.801124636949715007e-07 -6.519818767593037544e-08
-2.058241603660589750e-07 -2.932849706346205023e-07 -4.243907527481515571e-08
-2.591390877066981166e-07 -2.688004525128545441e-07 -2.087734722297684777e-08
-2.699366317087491030e-07 -2.470388682396862800e-07 1.115825997116149596e-09
-2.898277112990612379e-07 -2.428143822942112320e-07 3.772851084816856948e-08
-2.814597409887431908e-07 -2.028954282689714301e-07 5.569451163188777283e-08
-2.611288369717798528e-07 -2.010272778605088077e-07 8.669607077377830870e-08
-2.484525515409427891e-07 -1.718081785699024640e-07 1.039134721530637674e-07
-2.303772251984893014e-07 -1.472755759073716518e-07 9.648725950365747240e-08
-2.044129433895230534e-07 -1.250661839709651619e-07 7.567777042774610343e-08
-1.731272648570690871e-07 -1.036214775290172943e-07 4.682133412474207241e-08
-1.324494416495670501e-07 -7.294021556938927408e-08 2.215654767095859286e-08
-9.704759589993875400e-08 -5.576729571953808115e-08 1.243907661542652569e-08
-8.090410108929980187e-08 -4.291026007388734764e-08 7.228988840970607606e-09
8.423166770293140674e-08 -4.358837143649157123e-08 7.720971917299174998e-09
9.970542287598092090e-08 -5.816915042750254230e-08 1.811230058370821150e-08
1.261640641038431535e-07 -7.745917355200067581e-08 3.303089327180918230e-08
1.642507960678034859e-07 -1.003158956623857992e-07 3.828342592739898917e-08
1.976410702103475616e-07 -1.265921831676459802e-07 4.051399381275132268e-08
2.200060681747644169e-07 -1.526272973469969990e-07 6.255815094479040762e-08
2.360977189944996467e-07 -1.694018899706109165e-07 6.585085100346755502e-08
2.592904631393156114e-07 -1.776400701863816694e-07 4.976312527865200584e-08
2.638027535229134082e-07 -2.175551068244996000e-07 3.927579488550789782e-08
2.412281096702424204e-07 -2.437877107207332864e-07 1.626210856715365232e-08
2.625940544508892030e-07 -2.858935950353671648e-07 4.331148087066477319e-10
2.230083834810731239e-07 -3.088619982018271155e-07 -2.289367246854976218e-08
1.726882711540294686e-07 -3.161750481678217901e-07 -3.112511551703691419e-08
1.345813084146693847e-07 -3.285128920101560610e-07 -3.079575406295141017e-08
7.622103067971917210e-08 -3.398966064722970908e-07 -3.567655213864363517e-08
2.226459929671034655e-08 -3.337934719988231749e-07 -4.977119559658556943e-08
-4.397712411753962920e-08 -3.364215014605880712e-07 -5.867969761489411112e-08
-1.022105707504777721e-07 -3.272920119731062347e-07 -5.560259921129039625e-08
-1.515635002144304463e-07 -3.094888675485941431e-07 -3.790571802330205325e-08
-1.990144334370865968e-07 -3.074015120248013814e-07 -1.090905053223059609e-08
-2.122875315194610015e-07 -2.911193409421732399e-07 2.355921330044198533e-09
-2.537525527839967540e-07 -2.655179420426818946e-07 2.663643511768295675e-08
-2.676980824860300717e-07 -2.516866684943934204e-07 5.183653975395939025e-08
-2.520626548006752452e-07 -2.336046329378642026e-07 6.690043905544260889e-08
-2.373471129726686033e-07 -2.047799450274802869e-07 8.821295353337030613e-08
-2.256668174511631819e-07 -1.793086106381944289e-07 9.968383283131984469e-08
-2.105242500004543736e-07 -1.468394481485403756e-07 9.106260471906901214e-08
-1.939993980837156048e-07 -1.323902546902345536e-07 7.544545219637309771e-08
-1.640057574810791502e-07 -1.140810351898197084e-07 4.731759546291192359e-08
-1.256680543237920237e-07 -8.138075806492037857e-08 2.333369420617196264e-08
-9.525934937591064279e-08 -5.807165964679280934e-08 1.362713400629390964e-08
-7.823176651004846635e-08 -4.224388525983505003e-08 7.194878477227866848e-09
7.829692154123939653e-08 -4.233106246479759401e-08 9.496394284174174808e-09
9.490034211939636723e-08 -6.027988752594400706e-08 1.561313867522846368e-08
1.214111896923492712e-07 -8.210558196270929500e-08 2.961293593841908146e-08
1.463344898179335992e-07 -9.990291880405818636e-08 4.233783937583059323e-08
1.764061522260264740e-07 -1.277953337492420182e-07 4.651025672414187995e-08
2.046038630739306797e-07 -1.608694059116776509e-07 5.824706934188003792e-08
2.129992828348334800e-07 -1.777514393365302322e-07 6.112716327772603398e-08
2.234388092243415616e-07 -1.966101288587416684e-07 5.805779061454991398e-08
2.231177769871471335e-07 -2.156444061731195705e-07 6.605342772668518566e-08
2.199131728792486614e-07 -2.386012251239264548e-07 5.875397122399524098e-08
2.318304453059020363e-07 -2.593891253412263205e-07 2.934974856363239957e-08
2.052908985755072805e-07 -2.916359831073055975e-07 -5.187313903130759867e-09
1.622728842233145879e-07 -3.050654908583323301e-07 -2.332668295970024618e-08
1.256766610117775519e-07 -3.143576986586357513e-07 -2.259616829914315837e-08
8.954602490397608144e-08 -3.153652505176972454e-07 -2.490049232886791290e-08
1.134163012518106310e-08 -3.092946855732783441e-07 -3.560196533312921943e-08
-4.105268078237020157e-08 -3.111658434672716097e-07 -4.513433716357105249e-08
-8.717730202049541537e-08 -3.195399191350468421e-07 -4.484170505576421627e-08
-1.575446919911481285e-07 -3.185233675569232172e-07 -2.468945146516427806e-08
-1.896870113061456162e-07 -2.943551147132884642e-07 9.592714665320612780e-10
-1.943209718910130262e-07 -2.666475685696531501e-07 1.319573566119344158e-08
-2.372576710643809001e-07 -2.490098313523024963e-07 3.163023514956786499e-08
-2.174720150694890526e-07 -2.406526292040049027e-07 3.546126115837065295e-08
-2.357431055744092315e-07 -2.313981839464368104e-07 6.208128020868516994e-08
-2.120858024838520140e-07 -2.079625829580843531e-07 8.297448555773385829e-08
-2.041119828201999584e-07 -1.807864170610844615e-07 9.710655404866284424e-08
-1.991002743157914760e-07 -1.533341945824718717e-07 9.260301473928130033e-08
-1.808145388091111893e-07 -1.411624455626515382e-07 7.714254785454184388e-08
-1.519128006836975269e-07 -1.444502788418041358e-07 5.182925027536287458e-08
-1.155838093965790457e-07 -8.592411173225122270e-08 2.562632263918385092e-08
-9.193773297851429133e-08 -5.976886474475757721e-08 1.532452571629698266e-08
-7.600062369687444270e-08 -4.104666835167593365e-08 9.073561415180701369e-09
7.405899622697861189e-08 -4.106867195264217287e-08 1.055046136051538382e-08
8.940980632900676309e-08 -5.879144865739130056e-08 1.344158923122605185e-08
1.121295236728345889e-07 -8.865578209428585776e-08 2.359435092041712740e-08
1.354741518503471005e-07 -1.013841386748605181e-07 4.406585194016730467e-08
1.549160098321219796e-07 -1.259242156821821466e-07 5.948041781004172589e-08
1.759801870433610541e-07 -1.589660445150301478e-07 6.676516848214624457e-08
1.905684819451600605e-07 -1.828325653283680090e-07 5.669638237917590317e-08
2.011019645775207730e-07 -2.040334989335172260e-07 5.419739384717236530e-08
1.970359139878431158e-07 -2.317386799028894315e-07 8.078864728053451921e-08
1.984573919882560809e-07 -2.395449803993288114e-07 8.081114872883864709e-08
2.017905253241870451e-07 -2.547139003835665831e-07 3.554855979189198707e-08
1.964093462020102440e-07 -2.826153440936196105e-07 -4.082809058389425826e-09
1.468001165074849291e-07 -2.969860924504583412e-07 -2.883502359196577408e-08
1.137380827358230026e-07 -2.982359660820822376e-07 -3.900451445133432746e-08
6.791318815295686659e-08 -3.079893639956811539e-07 -4.920765954095855143e-08
3.255753446489525629e-09 -3.121050505937388060e-07 -5.058478879984771093e-08
-4.149675848994212074e-08 -3.057131422553905631e-07 -4.170280861999893242e-08
-7.804580771518494768e-08 -3.079044982750749642e-07 -3.750853164535092963e-08
-1.498805036458675334e-07 -2.902067356013646108e-07 -2.567866457144735329e-08
-1.690104446836523605e-07 -2.764845230831226724e-07 -7.065189089147242922e-09
-1.841713891047822076e-07 -2.751589672366089611e-07 1.535399181171991222e-08
-2.141043175430450592e-07 -2.520964201302147170e-07 3.322636697182982531e-08
-1.998012145098017999e-07 -2.383786282043424572e-07 3.484586031485744754e-08
-2.190561700411821406e-07 -2.386456619107751605e-07 6.118299676291389157e-08
-1.921902555417864145e-07 -2.135132515773751097e-07 8.575256981194502951e-08
-1.794000976377633325e-07 -1.821748920278925108e-07 9.902375200534283322e-08
-1.830541130515679801e-07 -1.660407163874488841e-07 9.516549003944579117e-08
-1.705010317815356540e-07 -1.634448334769562010e-07 7.722083757501705597e-08
-1.022532526181965378e-07 -8.268604079811757828e-08 2.583612624988158272e-08
-8.624832757309022416e-08 -5.858524576253837354e-08 1.612654726364335640e-08
-7.247967019729465148e-08 -3.953619109920454722e-08 1.026720090084992120e-08
6.982233904698260181e-08 -4.306999001974421028e-08 9.411904779659893038e-09
8.455930578841169383e-08 -6.044927344163058937e-08 1.215088667968748920e-08
1.027323224544521416e-07 -8.253678143074167080e-08 2.034696425061380392e-08
1.230013697988117248e-07 -1.031485449007789675e-07 3.580478349016148482e-08
1.406341769656144004e-07 -1.281746190038009170e-07 5.235508429509024635e-08
1.527739623535360771e-07 -1.566900414110463739e-07 5.941294936831873550e-08
1.723781281819929675e-07 -1.823326599945684340e-07 4.133935703788615760e-08
1.910767419004140202e-07 -2.097010697926910373e-07 2.310570795327706190e-08
1.781335841495237337e-07 -2.323593120264199799e-07 4.169088028425079790e-08
1.733787218949491782e-07 -2.445600745652780431e-07 4.788002340861263773e-08
1.733403803704778821e-07 -2.592313381443454345e-07 1.351495182634387455e-08
1.626059280058439952e-07 -2.650637269899704808e-07 -2.017682235382111260e-08
1.303120838707578297e-07 -2.811699607931164774e-07 -4.735559203302047398e-08
1.011396075239850449e-07 -2.981386726691072661e-07 -7.689042589648494304e-08
4.801408181642237928e-08 -3.098776484597315368e-07 -9.544576198673975552e-08
-1.643180973763943604e-08 -3.064994036226386761e-07 -7.908074465959338666e-08
-5.277280157688872101e-08 -3.033453472843129439e-07 -4.813720797716510643e-08
-7.719348757149072225e-08 -2.902711004457964952e-07 -3.199697811188624779e-08
-1.214762692055956404e-07 -2.841353813997533632e-07 -1.475706184153546915e-08
-1.410918881586345218e-07 -2.629697362168374965e-07 4.199805740807654025e-09
-1.618065323087195912e-07 -2.646777421440326851e-07 2.620648949438664523e-08
-1.873310037213742689e-07 -2.507930246509999785e-07 4.254714403833648289e-08
-1.652449432057395384e-07 -2.245725811304825642e-07 3.824935687335457044e-08
-1.768957483411124866e-07 -2.178964124409513698e-07 5.890751358390903184e-08
-1.625922072860512989e-07 -1.896130179051531195e-07 8.454445051537723354e-08
-1.633756900232365825e-07 -1.633079606804975706e-07 9.560950432829863588e-08
-1.844468034393014725e-07 -1.561573925149648828e-07 8.812127063780068060e-08
-9.015837228741449689e-08 -8.114233682370990911e-08 2.277647394894772333e-08
-8.016268548039757829e-08 -5.977326905421072901e-08 1.530484679268202034e-08
-6.751395083469191100e-08 -4.135642338477704696e-08 9.802195634795718253e-09
6.477069204185359119e-08 -4.587141366006877787e-08 6.944350265440173983e-09
7.850239895675938022e-08 -6.298196493100344222e-08 1.027722640936512318e-08
9.251095316553030389e-08 -8.338865009344772610e-08 2.004523265463689067e-08
1.080814448594952597e-07 -1.054310830322335174e-07 3.157077056522442867e-08
1.236084281193505901e-07 -1.315445463500526429e-07 3.654490209759284906e-08
1.354602527145728341e-07 -1.554756968411906080e-07 3.694648164934649185e-08
1.488405150587959616e-07 -1.829972160847961740e-07 1.726548393527986506e-08
1.626316645670604163e-07 -2.045298304149511022e-07 -1.073439194149753992e-08
1.589183631160389218e-07 -2.152335415641089174e-07 -6.971538156989334063e-09
1.504001712509094844e-07 -2.181367252796827864e-07 5.267422634211968446e-09
1.426024549039983229e-07 -2.221303638589031192e-07 -8.722387717617509198e-09
1.331406085703402068e-07 -2.266168925551851799e-07 -3.688132130448806630e-08
1.091362044613256330e-07 -2.341748501787637915e-07 -6.403410018303329317e-08
7.430684998263564269e-08 -2.580968845777738136e-07 -8.947617432842108637e-08
3.201190041143136184e-08 -2.669167815002789206e-07 -9.616228503755452849e-08
-1.804687510508939842e-08 -2.563996705989528925e-07 -6.409641335749640595e-08
-4.025904307124854084e-08 -2.463912124455483570e-07 -3.685170018557329358e-08
-7.178201477020835428e-08 -2.466100317581260556e-07 -2.990419723185550389e-08
-1.018810696528690899e-07 -2.493210895838238562e-07 2.100301826886075544e-10
-1.059930146035404087e-07 -2.384849101594267667e-07 4.167265466891185873e-08
-1.236712840531573201e-07 -2.149383917306362515e-07 6.233984251899259506e-08
-1.587698964783154603e-07 -2.101865825085588401e-07 5.197812142888492162e-08
-1.593581580798019724e-07 -2.059425683774474380e-07 3.899939282406019271e-08
-1.371754268665138507e-07 -1.924268767776654024e-07 4.473090324223436066e-08
-1.265541133700461382e-07 -1.751301394847553230e-07 6.891376147490042783e-08
-1.494860605987768270e-07 -1.550824859635507178e-07 7.735082026329420728e-08
-1.741416648922937001e-07 -1.385191181642602049e-07 7.093559502550387814e-08
-8.176924292870248783e-08 -7.961030556907091054e-08 1.730186449152461464e-08
-7.431506036399922052e-08 -6.044370347534934765e-08 1.372054084500598568e-08
-6.252750869506876909e-08 -4.193323921199376071e-08 8.405737344801306285e-09
5.863300182692934485e-08 -5.304282458398383872e-08 6.285426059207303412e-09
6.899566235818894773e-08 -6.341032462961539951e-08 8.447860440582444463e-09
8.263257193743948859e-08 -7.958642902468882982e-08 1.744894403717054696e-08
9.336919335630682377e-08 -1.029485871667477414e-07 2.849470805765891340e-08
1.054462430631045085e-07 -1.249818233808872313e-07 2.916231934325707021e-08
1.134284783264727180e-07 -1.424169686425537547e-07 2.659799114180728624e-08
1.180231518541708038e-07 -1.627961387909906485e-07 1.538150666987357745e-08
1.239303424882653084e-07 -1.815718643409860460e-07 -5.532987245183289957e-09
1.198286680707254186e-07 -1.865816002135399716e-07 -1.608880887989614909e-08
1.280764026698674473e-07 -1.891144270667800203e-07 -1.189770209037845786e-08
1.281186451358750630e-07 -1.937548772499187725e-07 -1.992399303492611452e-08
1.293224821865215780e-07 -1.973484418146358293e-07 -5.550847936434739106e-08
9.017926105608632319e-08 -2.117061393693874994e-07 -9.057443037719695240e-08
4.280267257046708561e-08 -2.286008066596792990e-07 -9.258079744894717388e-08
1.511968068408041432e-08 -2.366737191778214965e-07 -7.747908981536732898e-08
-1.787851459817724294e-08 -2.400212665922561184e-07 -5.207543336973666154e-08
-5.005334507714412031e-08 -2.323371254954262899e-07 -3.476013660719738001e-08
-7.754339682818956322e-08 -2.136319504286719338e-07 -3.000642774447712087e-08
-9.451081549760497213e-08 -2.076482058495509745e-07 5.464074345932923196e-09
-6.528548236341943976e-08 -2.028970653246359032e-07 4.768150728892736017e-08
-8.788598114175589457e-08 -1.945880299660184127e-07 7.387093550811544035e-08
-1.375201727986527730e-07 -2.065526575323297769e-07 3.427794178360440239e-08
-1.132357081351730731e-07 -1.882301788608330951e-07 1.153603136874894436e-08
-9.952256716968089725e-08 -1.757370536255388221e-07 3.104893196037978288e-08
-9.303206399647151492e-08 -1.655435035800565138e-07 5.539560747172925711e-08
-1.288755423583882443e-07 -1.435848563807262538e-07 4.757544214393954081e-08
-1.383168357893196600e-07 -1.233811744609377613e-07 3.967794932732937086e-08
-1.280246918085389798e-07 -1.000128474443100980e-07 3.940818913657742075e-08
-7.491162723830767682e-08 -7.842981230232908872e-08 1.127981185934572099e-08
-6.578055606590062174e-08 -6.185280390968436598e-08 1.116694224036026276e-08
-5.714688472544261659e-08 -4.315259034761852746e-08 7.064319816750866284e-09
6.110112308341004267e-08 -6.053549420164274212e-08 8.892636078118988727e-09
7.027427759270448567e-08 -7.908846503096223641e-08 1.426335829410452012e-08
7.784858652924322357e-08 -9.587703466685725678e-08 2.091416299879086068e-08
8.637366374021733946e-08 -1.117700014089070392e-07 2.072704281235923110e-08
9.321971046196359406e-08 -1.215564084091190090e-07 2.159110160010789797e-08
8.545887244527631001e-08 -1.370010020157006335e-07 1.858330818030166054e-08
8.369352939763917400e-08 -1.511093362869001786e-07 5.732684289719798751e-09
9.131527949131749094e-08 -1.626925837943179667e-07 -1.003901574252189086e-08
1.053304054537439206e-07 -1.695511619318107898e-07 -2.009018244912307869e-08
1.124927426984398936e-07 -1.636352775756773083e-07 -2.390050202484533269e-08
1.031996433274173296e-07 -1.723250060818823026e-07 -4.866898868514685900e-08
7.300019171552799503e-08 -2.033781622566935350e-07 -9.274786703304919905e-08
2.247789227491509768e-08 -2.043190838123926098e-07 -1.044622987126608664e-07
4.390369061368372584e-09 -1.815813885243212239e-07 -9.660457791191168530e-08
-4.478801289183695447e-08 -1.879662593800868349e-07 -7.448935415623304322e-08
-6.242876701138908379e-08 -2.062051601461477634e-07 -2.995300384441750265e-08
-3.825124725726723805e-08 -1.958870675620287446e-07 -1.434798256595396307e-09
-3.193543159319119152e-08 -1.711394970065049857e-07 2.706345197681415459e-08
-2.643156469467711253e-08 -1.546773512932989540e-07 6.376637541782848903e-08
-8.284419293259261102e-08 -1.639522332497898932e-07 7.764209736156604144e-08
-1.116219092011665854e-07 -1.867093185572552700e-07 1.414428764327820031e-08
-8.805683092819656843e-08 -1.772703054906563745e-07 -1.314870629158341601e-09
-7.397714807076908210e-08 -1.634067661133385408e-07 2.285889039990717831e-08
-6.616896368132512559e-08 -1.520620669991808201e-07 4.529352569723143094e-08
-9.865654697775652350e-08 -1.358611263059992634e-07 3.238714051661530322e-08
-1.057888403388220699e-07 -1.172794768638585888e-07 2.094800782351328973e-08
-9.657951101457369970e-08 -1.022854796431918045e-07 2.096926924411955119e-08
-8.515441808224547340e-08 -8.500211321311254525e-08 1.351039228185949658e-08
-6.939708048736840626e-08 -7.797904833939359672e-08 1.015674983447775403e-08
-5.746984460315252878e-08 -6.115883763498403544e-08 8.740593387312104631e-09
-5.039295049367186890e-08 -4.311799181023376280e-08 5.653186465516198615e-09
5.006291147473614346e-08 -5.253472809927094412e-08 8.492546787853112248e-09
5.470775062988214365e-08 -6.503869671296298414e-08 1.151303145063106885e-08
6.229752258452782131e-08 -8.061035385747840061e-08 1.514771153809122391e-08
6.783499706537131683e-08 -8.833596047263565435e-08 1.583232214306150153e-08
7.053217931937369338e-08 -9.471284129183276259e-08 1.752231388616112489e-08
6.387680447785068637e-08 -1.096538910575010951e-07 1.559307406983365433e-08
5.655303828173272950e-08 -1.200339353128143269e-07 8.336716041570128051e-09
6.345767119387735396e-08 -1.291133739605453174e-07 9.859616460535517831e-10
8.197632147873163191e-08 -1.360310793969699359e-07 -6.421689800481975725e-09
9.449082476426962832e-08 -1.309112074128749703e-07 -8.594024814693965619e-09
6.896019535929885210e-08 -1.377270890164955216e-07 -1.233668885686557465e-09
3.631036212132790928e-08 -1.612225606079811706e-07 -1.997413316348524691e-08
4.917985033394236837e-08 -1.505198113988825087e-07 -5.607397160201206780e-08
2.582861693877680884e-08 -9.288244192255146250e-08 -9.397464352467667365e-08
-7.861679978964709432e-08 -1.076001341160839666e-07 -5.265944705736512317e-08
-5.347385830196796103e-08 -1.436889088046374602e-07 -2.946947873223556210e-09
-1.681620857106075224e-08 -1.378798964414984879e-07 1.430982013213785044e-08
-1.658901426136045809e-08 -1.340653684943250544e-07 3.392963995947278002e-08
-1.163491075126271946e-08 -1.294700027280069126e-07 5.492301276747594551e-08
-3.866578625425495996e-08 -1.201124662051979204e-07 8.882176081490946340e-08
-8.870610821306841981e-08 -1.318822911687810154e-07 5.304631569937896641e-08
-6.241008489498704389e-08 -1.284047517493451808e-07 9.136868626889554401e-09
-7.599213959579065120e-08 -1.354499613148214498e-07 5.425457664922101753e-09
-6.259812551606486103e-08 -1.285131763463662087e-07 2.062977088653167142e-08
-7.203657735915942574e-08 -1.187729999025223111e-07 2.088914847827754096e-08
-7.539081203118747141e-08 -1.028417364798716507e-07 1.790860704603390031e-08
-6.436914506007878511e-08 -9.362475317141037520e-08 1.610806518310376924e-08
-6.464608098820404513e-08 -8.346434737340923402e-08 1.415097679894424259e-08
-5.535810476324823844e-08 -7.159196528120623211e-08 1.207040286454951149e-08
-4.723596695235800288e-08 -5.681565655062634071e-08 8.377516293501968854e-09
-4.150439027688534697e-08 -4.055365316707945140e-08 5.190616293271856072e-09
3.291158219312546041e-08 -3.201942944013663464e-08 4.346508382123421371e-09
3.618072340549966518e-08 -4.623079688346364242e-08 6.462777070050239090e-09
3.921379068430860951e-08 -5.629500840330816480e-08 8.224953991657398225e-09
4.353786735356074691e-08 -6.644558241679389471e-08 8.949043934474798831e-09
4.328570552261010031e-08 -7.130268482318160307e-08 1.052509744223609972e-08
4.920993254849549687e-08 -7.763297118002413926e-08 1.490781468272622455e-08
4.759050343769769396e-08 -9.189020335698190936e-08 9.331488818635320029e-09
4.648128553389915302e-08 -1.002828454460998864e-07 1.435635449794155292e-09
5.224862451242352616e-08 -1.017244083694365194e-07 5.466590223464044623e-09
6.394173966570334728e-08 -1.005013132114117655e-07 1.374903769561223203e-08
6.228414075618083724e-08 -1.042488921917991772e-07 2.194906985833108533e-08
4.500023382650193810e-08 -1.118505841199674864e-07 2.757406242803158526e-08
4.324080970852022875e-08 -9.925515223802424530e-08 1.256859847051784134e-08
6.650047542473447634e-08 -6.337497021824867350e-08 -1.354882771906572640e-08
2.915198690131675511e-08 -2.644529544847754623e-08 -9.673448366165868457e-09
-2.314082224638380357e-08 -5.097978796866227819e-08 2.213256328876763024e-08
-5.825385090589327855e-08 -8.063726419705529414e-08 7.270958035088173647e-09
-6.584852725283293006e-08 -1.017925120084327228e-07 -1.939002572480868530e-08
-5.537579363694816552e-08 -1.315030337016067840e-07 -1.955729061083523985e-08
-5.104067650847142600e-08 -1.387443559034503498e-07 7.213004210871868371e-09
-5.854307897586110177e-08 -1.144979432448647601e-07 5.091529347340042143e-08
-1.686927618634474867e-07 -1.140111530105814666e-07 5.162708310713989352e-08
